333333333333
200723	1550, 20, 2	300, 20, 3	1950, 20, 4	1980, 20, 8	1720, 20, 10date	cylinder	cylinder	cylinder	cylinder	cylinder	cylinder	cylinder	cylinder	cylinder
yymmdd	high,low,port	high,low,port	high,low,port	high,low,port	high,low,port	high,low,port	high,low,port	high,low,port	high,low,port
	JJ23428		CA07933		CA07917		CA07941		CA08202		CA08210		CC1788		CC325133 	CC324465
170126	1750,?,?	1850,?,?	1900,?,?	2000,?,?	?,?,?		?,?,?		?,?,?		?,?,?		?,?,?

DEAR STATION OPERATOR, PLEASE CHECK ONCE A MONTH THE CYLINDER PRESSURES AND ENTER THE READINGS IN THIS FILE
ADD PORT INFORMATION IF THE CYLINDER IS CONNECTED TO THE PICARRO CALIBRATION UNIT. THANK YOU.


date	cylinder	cylinder	cylinder	cylinder	cylinder	
yymmdd	high,low,port	high,low,port	high,low,port	high,low,port
	CA08210		CC1788		CC325133	CC324480	CC324465				CO2(psi)

191215	1720, 20, 2	450, 20, 3	2050, 20, 4	2090, 20, 8	1880, 20, 10	
200205	1720, 20, 2	410, 20, 3	2010, 20, 4	2090, 20, 8	1840, 20, 10  
200219	1720, 20, 2	410, 20, 3	2010, 20, 4	2090, 20, 8	1830, 20, 10
200303	1700, 20, 2	400. 20, 3	1950, 20, 4	2010, 20, 8	1780, 20, 10
200319	1680, 20, 2  390, 20, 3 1950, 20, 4 2010, 20, 8     1770, 20, 10
200331	1680, 20, 2	390, 20, 3 	2050, 21, 4	2010, 21, 8	1820, 20, 10
200526	1610, 20, 2	350, 20, 3	2000, 20, 4	2010, 20, 8	1750, 20, 10
200611	1610, 20, 2	350, 20, 3	2000, 20, 4	2010, 20, 8	1750, 20, 10
200618	1600, 20, 2	330, 20, 3	2000, 20, 4	2010, 20, 8	1720, 20, 10
200630	1600, 20, 2	310, 20, 3	1950, 20, 4	2000, 20, 8	1720, 20, 10
200710	1550, 20, 2	300, 20, 3	1950, 20, 4	1980, 20, 8	1720, 20, 10
200723	1550, 20, 2	300, 20, 3	1950, 20, 4	1980, 20, 8	1720, 20, 10
200807	1550, 20, 2	200, 20, 3	1950, 20, 4	1980, 20, 8	1720, 20, 10
200820	1550, 20, 2	190, 20, 3	1950, 20, 4	1980, 20, 8	1720, 20, 10
200909	1550, 20, 2	190, 20, 3	1950, 20, 4	1980, 20, 8	1720, 20, 10
200930	1550, 20, 2	180, 20, 3	1950, 20, 4	1980, 20, 8	1700, 20, 10
201112	1480, 20, 2	180, 20, 3	1900, 20, 4	1930, 20, 8	1650, 20, 10
201201  1480, 20, 2	180, 20, 3	1900, 20, 4	1930, 20, 8	1650, 20, 10
201216  1480, 20, 2	180, 20, 3	1900, 20, 4	1930, 20, 8	1650, 20, 10
210114  1480, 20, 2	180, 20, 3	1900, 20, 4	1930, 20, 8	1650, 20, 10
210127	1470, 20, 2	180, 20, 3	1900, 20, 4	1930, 20, 8	1650, 20, 10
210211	1470, 20, 2	180, 20, 3	1900, 20, 4	1930, 20, 8	1650, 20, 10 
210224	1450, 20, 2	100, 20, 3	1900, 20, 4	1930, 20, 8	1650, 20, 10 
210319	1420, 20, 2	100, 20, 3	1900, 20, 4	1930, 20, 8	1650, 20, 10 
210414	1420, 20, 2	1980, 20, 3	1900, 20, 4	1930, 20, 8	1650, 20, 10 
210426	1340, 20, 2	1880, 20, 3	1890, 20, 4	1910, 20, 8	1550, 20, 10 
210601	1340, 20, 2	1880, 20, 3	1890, 20, 4	1910, 20, 8	1550, 20, 10 
210630	1340, 20, 2	1880, 20, 3	1890, 20, 4	1910, 20, 8	1550, 20, 10 
210804	1300, 20, 2	1880, 20, 3	1870, 20, 4	1910, 20, 8	1550, 20, 10 
210830	1280, 20, 2	1820, 20, 3	1870, 20, 4	1910, 20, 8	1550, 20, 10 
211014  1210, 20, 2	1790, 20, 3	1870, 20, 4	1910, 20, 8	1550, 20, 10
211123  1190, 20, 2	1720, 20, 3	1870, 20, 4	1910, 20, 8	1510, 20, 10
211210  1180 20  2,	1720 20  3, 1870  20  4,	1910  20  8,  1510  20 10
211221 1180 20  2,	1700 20  3, 1870  20  4,	1910  20  8,  1500  20 10,
220209   1140 20  2,	1690 20  3, 1870  20  4,	1910  20  8,  1500  20 10,
220223   1140 20  2,	1690 20  3, 1870  20  4,	1910  20  8,  1500  20 10,
220324    1100 20  2,	1650 20  3,   1800  20  4,	1910  20  8,  1500  20 10,
220406   1100 20  2,	1630 20  3,   1800  20  4,	1910  20  8,  1500  20 10,
220526   1050 20  2,	1550 20  3,   1800  20  4,	1910  20  8,  1500  20 10,
220627   1000 20  2,	1550 20  3,   1800  20  4,	1900  20  8,  1500  20 10,
220801   980 20  2,	    1500 20  3,   1800  20  4,	1900  20  8,  1450  20 10,
220824   980 20  2,	    1480 20  3,   1800  20  4,	1900  20  8,  1450  20 10,
220908   940 20  2,	    1450 20  3,   1800  20  4,	1880  20  8,  1450  20 10,
221003   910 20  2,	    1420 20  3,   1800  20  4,	1880  20  8,  1450  20 10,
221125   850 20  2,	    1380 20  3,   1800  20  4,	1880  20  8,  1430  20 10,
230112   790 20  2,	    1280 20  3,   1750  20  4,	1820  20  8,  1850  20 10,
230112   790 20  2,	    1280 20  3,   1750  20  4,	1820  20  8,  1850  20 10,
230314   720 20  2,	    1280 20  3,   1750  20  4,	1820  20  8,  1850  20 10,
230413   705 20  2,	    1250 20  3,   1750  20  4,	1820  20  8,  1850  20 10
230512   680 20  2,	    1220 20  3,   1750  20  4,	1820  20  8,  1850  20 10
230601   680 20  2,	    1220 20  3,   1750  20  4,	1820  20  8,  1850  20 10
230615   640 20  2,	    1200 20  3,   1750  20  4,	1820  20  8,  1850  20 10
230705   610 20  2,	    1200 20  3,   1750  20  4,	1820  20  8,  1850  20 10
230717   600 20  2,	    1180 20  3,   1750  20  4,	1820  20  8,  1850  20 10
230807   550 20  2,	    1100 20  3,   1700  20  4,	1800  20  8,  1750  20 10
232308	 550 20  2,	    1100 20  3,   1700  20  4,	1800  20  8,  1750  20 10
231010	 500 20  2,	    1090 20  3,   1700  20  4,	1800  20  8,  1750  20 10
231116	 482 20  2	    1090 20  3,   1700  20  4,	1800  20  8,  1750  20 10
231215	 420 20  2	    1000 20  3,   1700  20  4,	1800  20  8,  1780  20 10
231230	 400 20  2	    1000 20  3,   1700  20  4,	1800  20  8,  1400  20 10
240131	 350 20  2	    980  20  3,   1700  20  4,	1800  20  8,  1400  20 10
240206	 300 20  2	    950 20  3,    1620  20  4,	1700  20  8,  1300  20 10
240417   200 20  2	    900 20  3,    1600  20  4,	1700  20  8,  1300  20 10
240618   180 20  2	    880 20  3,    1600  20  4,	1700  20  8,  1280  20 10
240808   1800 20 2   	820 20  3,    1600  20  4,	1700  20  8,  1280  20 10
241012   1750 20 2		780 20  3.    1600 20   4.	1700  20  8.  1250  20 10   53
241121   1700 20 2		700 20  3.    1600 20   4.	1620  20  8.  1200  20 10   52  
241217   1680 20 2		700 20  3.    1550 20   4.	1620  20  8.  1200  20 10   50  
250117   1680 20 2.		700 20  3.    1550 20   4.	1620  20  8   1200  20 10   50
250203	 1620 20 2		680 20  3	  1550 20   4   1600  20  8   1200  20 10   50 	
251703	 1600 20 2		620 20  3	  1500 20   4   1600  20  8   1180  20 10   50 	
250304	 1550 20 2		620 20  3	  1500 20   4   1600  20  8   1180  20 10   50 	
250515	 1550 20 2		580 20  3	  1500 20   4   1600  20  8   1150  20 10   40 	
250724	 1450 20 2		500 20  3	  1480 20   4   1550  20  8   1100  20 10 	35
250904	 1400 20 2		500 20  3	  1430 20   4   1500  20  8   1080  20 10 	35
250924	 1400 20 2		450 20  3	  1400 20   4   1500  20  8   1050  20 10 	35
251013	 1400 20 2		420 20  3	  1400 20   4   1500  20  8   1050  20 10 	35
251127	 1350 20 2		400 20  3	  1380 20   4   1450  20  8   1000  20 10 	800
