# header_lines : 200
# Data_Set_Name : co_sey_surface-flask_2_3001-9999_monthly
# Data_Set_Version : 0002-1006-3001-01-02-3001_2024-08-01-1157
# Data_Set_Fair_Use : For Scientific purposes, access to these data is unlimited and provided without charge. By their use you accept that an offer of co-authorship will be made through personal contact with the contributors whenever substantial use is made of their data. In all cases, an acknowledgement must be made to the contributors and to the data centre when these data are used within a publication.
# Data_Set_DOI : 10.15138/33bv-s284
# Data_Set_Citation_Format : 
#
# GLOBAL ATTRIBUTES
#
# site_gaw_id : SEY
# site_gaw_type : GAW Regional
# site_name : Mahé
# site_country/territory : Seychelles
# site_wmo_region : REGION I (Africa)
# site_address1 : 
# site_address2 : 
# site_address3 : 
# site_latitude : -4.6700000763
# site_longitude : 55.1699981689
# site_elevation : 3
# site_elevation_unit : m
# site_lst2utc : UTC+04:00
# site_climate_zone : Af
# site_climate_zone:comment : Equatorial rainforest, fully humid
# dataset_creation_date : 2024-08-30
# dataset_parameter : co
# dataset_parameter_large_class : Reactive Gas
# dataset_parameter_small_class : 
# dataset_parameter_name_1 : CO
# dataset_parameter_name_2 : carbon monoxide
# dataset_parameter_name_3 : 
# dataset_parameter_name_4 : 
# dataset_parameter_name_5 : 
# dataset_project : surface-flask
# dataset_platform : fixed station
# dataset_selection : All monthly data
# dataset_selection_tag : monthly
# dataset_time_zone : UTC
# dataset_start_date : 1990-11-01T00:00:00Z
# dataset_end_date : 2023-11-01T00:00:00Z
# dataset_statistic_code : 1
# dataset_statistic : contributor
# dataset_description : Atmospheric Carbon Monoxide Dry Air Mole Fractions from the NOAA GML Carbon Cycle Cooperative Global Air Sampling Network, starting in 1988  Reference scale:  WMO CO_X2014A
# dataset_description : 
# dataset_description : These data are provided by NOAA. Principal investigators include Gabrielle Petron (NOAA). Key partners include Vivian Radegonde (SBS).
# dataset_description : 
# dataset_description : Please cite the product's citation when using data from this dataset : Petron,G., Crotwell, A.M., Madronich, M., Moglia, E., Baugh, K.E.,  Kitzis, D., Mefford, T., DeVogel, S., Neff, D., Lan, X.,  Crotwell, M.J., Thoning, K., Wolter, S., Mund, J.W., (2024),  Atmospheric Carbon Monoxide Dry Air Mole Fractions from  the NOAA GML Carbon Cycle Cooperative Global Air Sampling  Network, 1988-2023, Version: 2024-07-30,  https://doi.org/10.15138/33bv-s284
# dataset_aim_of_observation_code : 1
# dataset_aim_of_observation : Background observation
# dataset_buffer_code : 3001
# dataset_buffer : ccgg
# dataset_buffer:comment : NOAA Carbon Cycle Greenhouse Gases
# dataset_footnote_code : 9999
# dataset_footnote : default
# dataset_footnote:comment : default
# dataset_processing : 
# dataset_hr_mean_processing : 
# dataset_da_mean_processing : 
# dataset_mo_mean_processing : Monthly means are produced for each site by first averaging all valid measurement results in the event file with a unique sample date and time.  Values are then extracted at weekly intervals from a smooth curve (Thoning et al., 1989) fitted to the averaged data and these weekly values are averaged for each month to give the monthly means recorded in the files.  Flagged data are excluded from the curve fitting process.  Some sites are excluded from the monthly mean directory because sparse data or a short record does not allow a reasonable curve fit.  Also, if there are 3 or more consecutive months without data, monthly means are not calculated for these months.
# dataset_transition_flag : 0
# dataset_transition_comment : Dataset was made from entire historical data provided from contributor from 2018 new WDCGG website open onward
# dataset_reference_total_listed : 3
# dataset_reference_1_name : Petron,G., Crotwell, A.M., Madronich, M., Moglia, E., Baugh, K.E.,  Kitzis, D., Mefford, T., DeVogel, S., Neff, D., Lan, X.,  Crotwell, M.J., Thoning, K., Wolter, S., Mund, J.W., (2024),  Atmospheric Carbon Monoxide Dry Air Mole Fractions from  the NOAA GML Carbon Cycle Cooperative Global Air Sampling  Network, 1988-2023, Version: 2024-07-30,  https://doi.org/10.15138/33bv-s284
# dataset_reference_2_name : Novelli, P.C., J.E. Elkins, and L.P. Steele, The development and evaluation of a gravimetric reference scale for measurements of atmospheric carbon monoxide, J. Geophys. Res., 96, 13,109-13,121, 991.
# dataset_reference_3_name : Novelli, P.C., K.A. Masarie, P.M. Lang, B.D. Hall, R.C. Myers, and J.W. Elkins, Re-analysis of tropospheric CO trends: Effects of the 1997-1998 wild fires, J. Geophys. Res., 108,  D15
# contributor_organization_code : 2
# contributor_acronym : NOAA
# contributor_name : Global Monitoring Laboratory, NOAA
# contributor_address1 : NOAA/ESRL
# contributor_address2 : R/GML1
# contributor_address3 : 325 Broadway Boulder, CO 80305-3328
# contributor_country/territory : United States of America
# contributor_url : https://gml.noaa.gov/
# contact_total_listed : 1
# contact_1_name : Gabrielle Petron
# contact_1_address1 : NOAA GML
# contact_1_address2 : 325 Broadway R/GML-1
# contact_1_address3 : Boulder, CO 80305-3328
# contact_1_country/territory : United States of America
# contact_1_organization : Global Monitoring Laboratory, NOAA
# contact_1_organization_acronym : NOAA
# contact_1_organization_url : https://gml.noaa.gov/
# contact_1_email : Gabrielle.Petron@noaa.gov
# contact_1_tel : (720) 295-0145
# contact_1_fax : 
# collaborator_total_listed : 1
# collaborator_1_organization_code : 112
# collaborator_1_acronym : SBS
# collaborator_1_name : Seychelles Bureau of Standards
# collaborator_1_address1 : 
# collaborator_1_address2 : 
# collaborator_1_address3 : 
# collaborator_1_country/territory : Seychelles
# collaborator_1_url : http://www.iso.org/iso/home.htm
# collaborator_1_person_total_listed : 1
# collaborator_1_person_1_name : Vivian Radegonde
# collaborator_1_person_1_address1 : 
# collaborator_1_person_1_address2 : 
# collaborator_1_person_1_address3 : 
# collaborator_1_person_1_country/territory : Seychelles
# collaborator_1_person_1_email : 
# collaborator_1_person_1_tel : 
# collaborator_1_person_1_fax : 
# ORG_QCflag_description : This is the NOAA 3-character quality control flag.  Column 1 is the REJECTION flag. An alphanumeric other than a period (.) in the FIRST column indicates a sample with obvious problems during collection or analysis. This measurement should not be interpreted. Column 2 is the SELECTION flag. An alphanumeric other than a period (.) in the SECOND column indicates a sample that is likely valid but does not meet selection criteria determined by the goals of a particular investigation. For example, it might not have been obtained during 'background' conditions.  Column 3 is the INFORMATION flag. An alphanumeric other than a period (.) in the THIRD column provides additional information about the collection or analysis of the sample. A P in the 3rd column of the QC flag indicates the measurement result is preliminary and has not yet been carefully examined by the PI.  The P flag is removed once the quality of the measurement has been determined.
# intake_height_total_listed : See data part
# instrument_total_listed : 3
# instrument_1 : Unknown
# instrument_1_measurement_method_type_code : 3
# instrument_1_measurement_method_name : Gas chromatography (RGD)
# instrument_1_start_date : 1990-11-16T11:20:00Z
# instrument_1_end_date : 2010-02-02T05:45:00Z
# instrument_2 : Unknown
# instrument_2_measurement_method_type_code : 19
# instrument_2_measurement_method_name : VURF
# instrument_2_start_date : 2007-10-26T09:52:00Z
# instrument_2_end_date : 2019-05-03T12:34:56Z
# instrument_3 : Unknown
# instrument_3_measurement_method_type_code : 26
# instrument_3_measurement_method_name : TILDAS
# instrument_3_start_date : 2019-05-10T05:34:00Z
# instrument_3_end_date : 2023-12-28T09:59:00Z
# scale_total_listed : 1
# scale_1_code : 8
# scale_1_name : WMO CO X2014A
# scale_1_start_date : 1990-11-01T00:00:00Z
# scale_1_end_date : 2023-11-01T00:00:00Z
# observation_status_code : 1
# observation_status : Operational/Reporting
# measurement_calibration : 
# sampling_frequency_code : 2
# sampling_frequency : weekly
#
# VARIABLE ATTRIBUTES
#
# site_gaw_id:long_name : unique_station/mobile_identifiers.
# site_gaw_id:comment : 3-letter site identification code as defined by GAWSIS for stationary platforms
# time_components:_FillValue : -999 or -9
# time_components:long_name : integer_components_of_UTC_date/time
# time_components:order : year, month, day, hour, minute, second
# time_components:comment : Air sample collection time (UTC) represented as a 6-element array [year, month, day, hour, minute, second]. Calendar time components as integers.
# value:_FillValue : -999.999
# value:units : ppb
# value:long_name : measured_mole_fraction_of_trace_gas_in_dry_air
# value:comment : Reported mole fraction, isotope ratio or radioactivity. Units depend on trace gas species.
# value_unc:_FillValue : -999.999
# value_unc:units : ppb
# value_unc:long_name : estimated_uncertainty_in_reported_value
# value_unc:comment : Standard deviation of the reported mean value when nvalue is greater than 1. Units depend on trace gas species.
# nvalue:_FillValue : -9
# nvalue:long_name : number_of_measurements_contributing_to_reported_value
# nvalue:comment : Number of individual measurements used to compute reported values.
# latitude:_FillValue : -999.999999999
# latitude:standard_name : latitude
# latitude:long_name : sample_latitude_in_decimal_degrees
# latitude:units : degrees_north
# latitude:comment : Latitude of sampling location in decimal degrees (north: +; south: -)
# longitude:_FillValue : -999.999999999
# longitude:standard_name : longitude
# longitude:long_name : sample_longitude_in_decimal_degrees
# longitude:units : degrees_east
# longitude:comment : Longitude of sampling location in decimal degrees (east: +; west: -)
# altitude:_FillValue : -999.999
# altitude:standard_name : altitude
# altitude:long_name : sample_altitude_in_meters_above_sea_level
# altitude:units : m
# altitude:comment : Altitude (elevation + intake height) of air sample collection. Units are meters above sea level (masl).
# elevation:_FillValue : -999.999
# elevation:standard_name : elevation
# elevation:long_name : surface_elevation_in_meters_above_sea_level
# elevation:units : m
# elevation:comment : Station height (m) above sea level
# intake_height:_FillValue : -999.999
# intake_height:long_name : sample_intake_height_in_meters_above_ground_level
# intake_height:units : m
# intake_height:comment : Sampling height (depth) of air (seawater) above ground (below sea level) (height: +; depth: -) (m)
# flask_no:_FillValue : -999.999
# flask_no:long_name : sample_flask_no
# flask_no:comment : Identification code (or number) of flask used for observation
# ORG_QCflag:_FillValue : -999.999
# ORG_QCflag:long_name : original_quality_control_flag
# ORG_QCflag:comment : Details of original data quality control flags should be specified by contributors in metadata.
# QCflag:_FillValue : -9
# QCflag:long_name : quality_control_flag
# QCflag:comment : 1 Valid (background) data considered "background"
# QCflag:comment : 2 Valid data considered valid other than "background," or all valid data without categorization
# QCflag:comment : 3 Invalid data considered unfit for use (questionable/erroneous/absent data)
# QCflag:comment : Details of correspondence between original data quality control flags and WDCGG data flags should be specified by contributors in metadata.
# instrument:_FillValue : -9
# instrument:long_name : instrument_ID_to_detect_atmospheric_parameter
# instrument:comment : A numeric field that identifies the instrument.
# measurement_method:_FillValue : -9
# measurement_method:long_name : measurement_method_history
# measurement_method:comment : A numeric field that identifies the measurement method.
# scale:_FillValue : -9
# scale:long_name : calibration_scale_history
# scale:comment : A numeric field that identifies the calibration scale. Measurements are relative to reported calibration scale.
#
# VARIABLE ORDER
#
# site_gaw_id year month day hour minute second year month day hour minute second value value_unc nvalue latitude longitude altitude elevation intake_height flask_no ORG_QCflag QCflag instrument measurement_method scale
SEY 1990 11 01 00 00 00 -999 -9 -9 -9 -9 -9 79.68 -999.999 -9 -4.6700000763 55.1699981689 -999.999 3 -999.999 -999.999 -999.999 1 -9 -9 8
SEY 1990 12 01 00 00 00 -999 -9 -9 -9 -9 -9 92.06 -999.999 -9 -4.6700000763 55.1699981689 -999.999 3 -999.999 -999.999 -999.999 1 -9 -9 8
SEY 1991 01 01 00 00 00 -999 -9 -9 -9 -9 -9 126.77 -999.999 -9 -4.6700000763 55.1699981689 -999.999 3 -999.999 -999.999 -999.999 1 -9 -9 8
SEY 1991 02 01 00 00 00 -999 -9 -9 -9 -9 -9 137.74 -999.999 -9 -4.6700000763 55.1699981689 -999.999 3 -999.999 -999.999 -999.999 1 -9 -9 8
SEY 1991 03 01 00 00 00 -999 -9 -9 -9 -9 -9 109.98 -999.999 -9 -4.6700000763 55.1699981689 -999.999 3 -999.999 -999.999 -999.999 1 -9 -9 8
SEY 1991 04 01 00 00 00 -999 -9 -9 -9 -9 -9 82.49 -999.999 -9 -4.6700000763 55.1699981689 -999.999 3 -999.999 -999.999 -999.999 1 -9 -9 8
SEY 1991 05 01 00 00 00 -999 -9 -9 -9 -9 -9 68.82 -999.999 -9 -4.6700000763 55.1699981689 -999.999 3 -999.999 -999.999 -999.999 1 -9 -9 8
SEY 1991 06 01 00 00 00 -999 -9 -9 -9 -9 -9 65.68 -999.999 -9 -4.6700000763 55.1699981689 -999.999 3 -999.999 -999.999 -999.999 1 -9 -9 8
SEY 1991 07 01 00 00 00 -999 -9 -9 -9 -9 -9 70.75 -999.999 -9 -4.6700000763 55.1699981689 -999.999 3 -999.999 -999.999 -999.999 1 -9 -9 8
SEY 1991 08 01 00 00 00 -999 -9 -9 -9 -9 -9 79.49 -999.999 -9 -4.6700000763 55.1699981689 -999.999 3 -999.999 -999.999 -999.999 1 -9 -9 8
SEY 1991 09 01 00 00 00 -999 -9 -9 -9 -9 -9 95.47 -999.999 -9 -4.6700000763 55.1699981689 -999.999 3 -999.999 -999.999 -999.999 1 -9 -9 8
SEY 1991 10 01 00 00 00 -999 -9 -9 -9 -9 -9 104.43 -999.999 -9 -4.6700000763 55.1699981689 -999.999 3 -999.999 -999.999 -999.999 1 -9 -9 8
SEY 1991 11 01 00 00 00 -999 -9 -9 -9 -9 -9 99.49 -999.999 -9 -4.6700000763 55.1699981689 -999.999 3 -999.999 -999.999 -999.999 1 -9 -9 8
SEY 1991 12 01 00 00 00 -999 -9 -9 -9 -9 -9 107.04 -999.999 -9 -4.6700000763 55.1699981689 -999.999 3 -999.999 -999.999 -999.999 1 -9 -9 8
SEY 1992 01 01 00 00 00 -999 -9 -9 -9 -9 -9 126.58 -999.999 -9 -4.6700000763 55.1699981689 -999.999 3 -999.999 -999.999 -999.999 1 -9 -9 8
SEY 1992 02 01 00 00 00 -999 -9 -9 -9 -9 -9 128.34 -999.999 -9 -4.6700000763 55.1699981689 -999.999 3 -999.999 -999.999 -999.999 1 -9 -9 8
SEY 1992 03 01 00 00 00 -999 -9 -9 -9 -9 -9 115.43 -999.999 -9 -4.6700000763 55.1699981689 -999.999 3 -999.999 -999.999 -999.999 1 -9 -9 8
SEY 1992 04 01 00 00 00 -999 -9 -9 -9 -9 -9 95.65 -999.999 -9 -4.6700000763 55.1699981689 -999.999 3 -999.999 -999.999 -999.999 1 -9 -9 8
SEY 1992 05 01 00 00 00 -999 -9 -9 -9 -9 -9 73.49 -999.999 -9 -4.6700000763 55.1699981689 -999.999 3 -999.999 -999.999 -999.999 1 -9 -9 8
SEY 1992 06 01 00 00 00 -999 -9 -9 -9 -9 -9 68.25 -999.999 -9 -4.6700000763 55.1699981689 -999.999 3 -999.999 -999.999 -999.999 1 -9 -9 8
SEY 1992 07 01 00 00 00 -999 -9 -9 -9 -9 -9 72.66 -999.999 -9 -4.6700000763 55.1699981689 -999.999 3 -999.999 -999.999 -999.999 1 -9 -9 8
SEY 1992 08 01 00 00 00 -999 -9 -9 -9 -9 -9 74.08 -999.999 -9 -4.6700000763 55.1699981689 -999.999 3 -999.999 -999.999 -999.999 1 -9 -9 8
SEY 1992 09 01 00 00 00 -999 -9 -9 -9 -9 -9 81.05 -999.999 -9 -4.6700000763 55.1699981689 -999.999 3 -999.999 -999.999 -999.999 1 -9 -9 8
SEY 1992 10 01 00 00 00 -999 -9 -9 -9 -9 -9 85.26 -999.999 -9 -4.6700000763 55.1699981689 -999.999 3 -999.999 -999.999 -999.999 1 -9 -9 8
SEY 1992 11 01 00 00 00 -999 -9 -9 -9 -9 -9 78.86 -999.999 -9 -4.6700000763 55.1699981689 -999.999 3 -999.999 -999.999 -999.999 1 -9 -9 8
SEY 1992 12 01 00 00 00 -999 -9 -9 -9 -9 -9 89.93 -999.999 -9 -4.6700000763 55.1699981689 -999.999 3 -999.999 -999.999 -999.999 1 -9 -9 8
SEY 1993 01 01 00 00 00 -999 -9 -9 -9 -9 -9 120.89 -999.999 -9 -4.6700000763 55.1699981689 -999.999 3 -999.999 -999.999 -999.999 1 -9 -9 8
SEY 1993 02 01 00 00 00 -999 -9 -9 -9 -9 -9 125.35 -999.999 -9 -4.6700000763 55.1699981689 -999.999 3 -999.999 -999.999 -999.999 1 -9 -9 8
SEY 1993 03 01 00 00 00 -999 -9 -9 -9 -9 -9 102.09 -999.999 -9 -4.6700000763 55.1699981689 -999.999 3 -999.999 -999.999 -999.999 1 -9 -9 8
SEY 1993 04 01 00 00 00 -999 -9 -9 -9 -9 -9 79.10 -999.999 -9 -4.6700000763 55.1699981689 -999.999 3 -999.999 -999.999 -999.999 1 -9 -9 8
SEY 1993 05 01 00 00 00 -999 -9 -9 -9 -9 -9 66.72 -999.999 -9 -4.6700000763 55.1699981689 -999.999 3 -999.999 -999.999 -999.999 1 -9 -9 8
SEY 1993 06 01 00 00 00 -999 -9 -9 -9 -9 -9 63.34 -999.999 -9 -4.6700000763 55.1699981689 -999.999 3 -999.999 -999.999 -999.999 1 -9 -9 8
SEY 1993 07 01 00 00 00 -999 -9 -9 -9 -9 -9 66.13 -999.999 -9 -4.6700000763 55.1699981689 -999.999 3 -999.999 -999.999 -999.999 1 -9 -9 8
SEY 1993 08 01 00 00 00 -999 -9 -9 -9 -9 -9 71.63 -999.999 -9 -4.6700000763 55.1699981689 -999.999 3 -999.999 -999.999 -999.999 1 -9 -9 8
SEY 1993 09 01 00 00 00 -999 -9 -9 -9 -9 -9 81.01 -999.999 -9 -4.6700000763 55.1699981689 -999.999 3 -999.999 -999.999 -999.999 1 -9 -9 8
SEY 1993 10 01 00 00 00 -999 -9 -9 -9 -9 -9 84.83 -999.999 -9 -4.6700000763 55.1699981689 -999.999 3 -999.999 -999.999 -999.999 1 -9 -9 8
SEY 1993 11 01 00 00 00 -999 -9 -9 -9 -9 -9 82.25 -999.999 -9 -4.6700000763 55.1699981689 -999.999 3 -999.999 -999.999 -999.999 1 -9 -9 8
SEY 1993 12 01 00 00 00 -999 -9 -9 -9 -9 -9 104.00 -999.999 -9 -4.6700000763 55.1699981689 -999.999 3 -999.999 -999.999 -999.999 1 -9 -9 8
SEY 1994 01 01 00 00 00 -999 -9 -9 -9 -9 -9 130.41 -999.999 -9 -4.6700000763 55.1699981689 -999.999 3 -999.999 -999.999 -999.999 1 -9 -9 8
SEY 1994 02 01 00 00 00 -999 -9 -9 -9 -9 -9 121.32 -999.999 -9 -4.6700000763 55.1699981689 -999.999 3 -999.999 -999.999 -999.999 1 -9 -9 8
SEY 1994 05 01 00 00 00 -999 -9 -9 -9 -9 -9 73.78 -999.999 -9 -4.6700000763 55.1699981689 -999.999 3 -999.999 -999.999 -999.999 1 -9 -9 8
SEY 1994 06 01 00 00 00 -999 -9 -9 -9 -9 -9 74.86 -999.999 -9 -4.6700000763 55.1699981689 -999.999 3 -999.999 -999.999 -999.999 1 -9 -9 8
SEY 1994 07 01 00 00 00 -999 -9 -9 -9 -9 -9 74.61 -999.999 -9 -4.6700000763 55.1699981689 -999.999 3 -999.999 -999.999 -999.999 1 -9 -9 8
SEY 1994 08 01 00 00 00 -999 -9 -9 -9 -9 -9 73.09 -999.999 -9 -4.6700000763 55.1699981689 -999.999 3 -999.999 -999.999 -999.999 1 -9 -9 8
SEY 1994 09 01 00 00 00 -999 -9 -9 -9 -9 -9 88.51 -999.999 -9 -4.6700000763 55.1699981689 -999.999 3 -999.999 -999.999 -999.999 1 -9 -9 8
SEY 1994 10 01 00 00 00 -999 -9 -9 -9 -9 -9 103.06 -999.999 -9 -4.6700000763 55.1699981689 -999.999 3 -999.999 -999.999 -999.999 1 -9 -9 8
SEY 1994 11 01 00 00 00 -999 -9 -9 -9 -9 -9 95.15 -999.999 -9 -4.6700000763 55.1699981689 -999.999 3 -999.999 -999.999 -999.999 1 -9 -9 8
SEY 1994 12 01 00 00 00 -999 -9 -9 -9 -9 -9 100.72 -999.999 -9 -4.6700000763 55.1699981689 -999.999 3 -999.999 -999.999 -999.999 1 -9 -9 8
SEY 1995 01 01 00 00 00 -999 -9 -9 -9 -9 -9 130.08 -999.999 -9 -4.6700000763 55.1699981689 -999.999 3 -999.999 -999.999 -999.999 1 -9 -9 8
SEY 1995 02 01 00 00 00 -999 -9 -9 -9 -9 -9 131.41 -999.999 -9 -4.6700000763 55.1699981689 -999.999 3 -999.999 -999.999 -999.999 1 -9 -9 8
SEY 1995 03 01 00 00 00 -999 -9 -9 -9 -9 -9 103.30 -999.999 -9 -4.6700000763 55.1699981689 -999.999 3 -999.999 -999.999 -999.999 1 -9 -9 8
SEY 1995 04 01 00 00 00 -999 -9 -9 -9 -9 -9 82.95 -999.999 -9 -4.6700000763 55.1699981689 -999.999 3 -999.999 -999.999 -999.999 1 -9 -9 8
SEY 1995 05 01 00 00 00 -999 -9 -9 -9 -9 -9 72.12 -999.999 -9 -4.6700000763 55.1699981689 -999.999 3 -999.999 -999.999 -999.999 1 -9 -9 8
SEY 1995 06 01 00 00 00 -999 -9 -9 -9 -9 -9 64.79 -999.999 -9 -4.6700000763 55.1699981689 -999.999 3 -999.999 -999.999 -999.999 1 -9 -9 8
SEY 1995 07 01 00 00 00 -999 -9 -9 -9 -9 -9 65.53 -999.999 -9 -4.6700000763 55.1699981689 -999.999 3 -999.999 -999.999 -999.999 1 -9 -9 8
SEY 1995 08 01 00 00 00 -999 -9 -9 -9 -9 -9 69.43 -999.999 -9 -4.6700000763 55.1699981689 -999.999 3 -999.999 -999.999 -999.999 1 -9 -9 8
SEY 1995 09 01 00 00 00 -999 -9 -9 -9 -9 -9 83.68 -999.999 -9 -4.6700000763 55.1699981689 -999.999 3 -999.999 -999.999 -999.999 1 -9 -9 8
SEY 1995 10 01 00 00 00 -999 -9 -9 -9 -9 -9 93.35 -999.999 -9 -4.6700000763 55.1699981689 -999.999 3 -999.999 -999.999 -999.999 1 -9 -9 8
SEY 1995 11 01 00 00 00 -999 -9 -9 -9 -9 -9 83.42 -999.999 -9 -4.6700000763 55.1699981689 -999.999 3 -999.999 -999.999 -999.999 1 -9 -9 8
SEY 1995 12 01 00 00 00 -999 -9 -9 -9 -9 -9 89.60 -999.999 -9 -4.6700000763 55.1699981689 -999.999 3 -999.999 -999.999 -999.999 1 -9 -9 8
SEY 1996 01 01 00 00 00 -999 -9 -9 -9 -9 -9 117.83 -999.999 -9 -4.6700000763 55.1699981689 -999.999 3 -999.999 -999.999 -999.999 1 -9 -9 8
SEY 1996 02 01 00 00 00 -999 -9 -9 -9 -9 -9 114.88 -999.999 -9 -4.6700000763 55.1699981689 -999.999 3 -999.999 -999.999 -999.999 1 -9 -9 8
SEY 1996 03 01 00 00 00 -999 -9 -9 -9 -9 -9 82.68 -999.999 -9 -4.6700000763 55.1699981689 -999.999 3 -999.999 -999.999 -999.999 1 -9 -9 8
SEY 1996 04 01 00 00 00 -999 -9 -9 -9 -9 -9 64.09 -999.999 -9 -4.6700000763 55.1699981689 -999.999 3 -999.999 -999.999 -999.999 1 -9 -9 8
SEY 1996 05 01 00 00 00 -999 -9 -9 -9 -9 -9 61.54 -999.999 -9 -4.6700000763 55.1699981689 -999.999 3 -999.999 -999.999 -999.999 1 -9 -9 8
SEY 1996 06 01 00 00 00 -999 -9 -9 -9 -9 -9 63.07 -999.999 -9 -4.6700000763 55.1699981689 -999.999 3 -999.999 -999.999 -999.999 1 -9 -9 8
SEY 1996 07 01 00 00 00 -999 -9 -9 -9 -9 -9 63.87 -999.999 -9 -4.6700000763 55.1699981689 -999.999 3 -999.999 -999.999 -999.999 1 -9 -9 8
SEY 1996 08 01 00 00 00 -999 -9 -9 -9 -9 -9 66.53 -999.999 -9 -4.6700000763 55.1699981689 -999.999 3 -999.999 -999.999 -999.999 1 -9 -9 8
SEY 1996 09 01 00 00 00 -999 -9 -9 -9 -9 -9 81.35 -999.999 -9 -4.6700000763 55.1699981689 -999.999 3 -999.999 -999.999 -999.999 1 -9 -9 8
SEY 1997 04 01 00 00 00 -999 -9 -9 -9 -9 -9 93.73 -999.999 -9 -4.6700000763 55.1699981689 -999.999 3 -999.999 -999.999 -999.999 1 -9 -9 8
SEY 1997 05 01 00 00 00 -999 -9 -9 -9 -9 -9 78.01 -999.999 -9 -4.6700000763 55.1699981689 -999.999 3 -999.999 -999.999 -999.999 1 -9 -9 8
SEY 1997 06 01 00 00 00 -999 -9 -9 -9 -9 -9 68.29 -999.999 -9 -4.6700000763 55.1699981689 -999.999 3 -999.999 -999.999 -999.999 1 -9 -9 8
SEY 1997 07 01 00 00 00 -999 -9 -9 -9 -9 -9 71.26 -999.999 -9 -4.6700000763 55.1699981689 -999.999 3 -999.999 -999.999 -999.999 1 -9 -9 8
SEY 1997 08 01 00 00 00 -999 -9 -9 -9 -9 -9 76.56 -999.999 -9 -4.6700000763 55.1699981689 -999.999 3 -999.999 -999.999 -999.999 1 -9 -9 8
SEY 1997 09 01 00 00 00 -999 -9 -9 -9 -9 -9 102.19 -999.999 -9 -4.6700000763 55.1699981689 -999.999 3 -999.999 -999.999 -999.999 1 -9 -9 8
SEY 1997 10 01 00 00 00 -999 -9 -9 -9 -9 -9 141.67 -999.999 -9 -4.6700000763 55.1699981689 -999.999 3 -999.999 -999.999 -999.999 1 -9 -9 8
SEY 1997 11 01 00 00 00 -999 -9 -9 -9 -9 -9 142.10 -999.999 -9 -4.6700000763 55.1699981689 -999.999 3 -999.999 -999.999 -999.999 1 -9 -9 8
SEY 1997 12 01 00 00 00 -999 -9 -9 -9 -9 -9 120.34 -999.999 -9 -4.6700000763 55.1699981689 -999.999 3 -999.999 -999.999 -999.999 1 -9 -9 8
SEY 1998 01 01 00 00 00 -999 -9 -9 -9 -9 -9 117.94 -999.999 -9 -4.6700000763 55.1699981689 -999.999 3 -999.999 -999.999 -999.999 1 -9 -9 8
SEY 1998 02 01 00 00 00 -999 -9 -9 -9 -9 -9 122.57 -999.999 -9 -4.6700000763 55.1699981689 -999.999 3 -999.999 -999.999 -999.999 1 -9 -9 8
SEY 1998 03 01 00 00 00 -999 -9 -9 -9 -9 -9 112.79 -999.999 -9 -4.6700000763 55.1699981689 -999.999 3 -999.999 -999.999 -999.999 1 -9 -9 8
SEY 1998 04 01 00 00 00 -999 -9 -9 -9 -9 -9 94.71 -999.999 -9 -4.6700000763 55.1699981689 -999.999 3 -999.999 -999.999 -999.999 1 -9 -9 8
SEY 1998 05 01 00 00 00 -999 -9 -9 -9 -9 -9 76.03 -999.999 -9 -4.6700000763 55.1699981689 -999.999 3 -999.999 -999.999 -999.999 1 -9 -9 8
SEY 1998 06 01 00 00 00 -999 -9 -9 -9 -9 -9 71.67 -999.999 -9 -4.6700000763 55.1699981689 -999.999 3 -999.999 -999.999 -999.999 1 -9 -9 8
SEY 1998 07 01 00 00 00 -999 -9 -9 -9 -9 -9 78.20 -999.999 -9 -4.6700000763 55.1699981689 -999.999 3 -999.999 -999.999 -999.999 1 -9 -9 8
SEY 1998 08 01 00 00 00 -999 -9 -9 -9 -9 -9 82.63 -999.999 -9 -4.6700000763 55.1699981689 -999.999 3 -999.999 -999.999 -999.999 1 -9 -9 8
SEY 1998 09 01 00 00 00 -999 -9 -9 -9 -9 -9 86.22 -999.999 -9 -4.6700000763 55.1699981689 -999.999 3 -999.999 -999.999 -999.999 1 -9 -9 8
SEY 1998 10 01 00 00 00 -999 -9 -9 -9 -9 -9 82.96 -999.999 -9 -4.6700000763 55.1699981689 -999.999 3 -999.999 -999.999 -999.999 1 -9 -9 8
SEY 1998 11 01 00 00 00 -999 -9 -9 -9 -9 -9 74.67 -999.999 -9 -4.6700000763 55.1699981689 -999.999 3 -999.999 -999.999 -999.999 1 -9 -9 8
SEY 1998 12 01 00 00 00 -999 -9 -9 -9 -9 -9 80.85 -999.999 -9 -4.6700000763 55.1699981689 -999.999 3 -999.999 -999.999 -999.999 1 -9 -9 8
SEY 1999 01 01 00 00 00 -999 -9 -9 -9 -9 -9 97.76 -999.999 -9 -4.6700000763 55.1699981689 -999.999 3 -999.999 -999.999 -999.999 1 -9 -9 8
SEY 1999 02 01 00 00 00 -999 -9 -9 -9 -9 -9 105.45 -999.999 -9 -4.6700000763 55.1699981689 -999.999 3 -999.999 -999.999 -999.999 1 -9 -9 8
SEY 1999 03 01 00 00 00 -999 -9 -9 -9 -9 -9 98.31 -999.999 -9 -4.6700000763 55.1699981689 -999.999 3 -999.999 -999.999 -999.999 1 -9 -9 8
SEY 1999 04 01 00 00 00 -999 -9 -9 -9 -9 -9 74.54 -999.999 -9 -4.6700000763 55.1699981689 -999.999 3 -999.999 -999.999 -999.999 1 -9 -9 8
SEY 1999 05 01 00 00 00 -999 -9 -9 -9 -9 -9 54.99 -999.999 -9 -4.6700000763 55.1699981689 -999.999 3 -999.999 -999.999 -999.999 1 -9 -9 8
SEY 1999 06 01 00 00 00 -999 -9 -9 -9 -9 -9 58.14 -999.999 -9 -4.6700000763 55.1699981689 -999.999 3 -999.999 -999.999 -999.999 1 -9 -9 8
SEY 1999 07 01 00 00 00 -999 -9 -9 -9 -9 -9 65.29 -999.999 -9 -4.6700000763 55.1699981689 -999.999 3 -999.999 -999.999 -999.999 1 -9 -9 8
SEY 1999 08 01 00 00 00 -999 -9 -9 -9 -9 -9 66.81 -999.999 -9 -4.6700000763 55.1699981689 -999.999 3 -999.999 -999.999 -999.999 1 -9 -9 8
SEY 1999 09 01 00 00 00 -999 -9 -9 -9 -9 -9 79.15 -999.999 -9 -4.6700000763 55.1699981689 -999.999 3 -999.999 -999.999 -999.999 1 -9 -9 8
SEY 1999 10 01 00 00 00 -999 -9 -9 -9 -9 -9 88.61 -999.999 -9 -4.6700000763 55.1699981689 -999.999 3 -999.999 -999.999 -999.999 1 -9 -9 8
SEY 1999 11 01 00 00 00 -999 -9 -9 -9 -9 -9 76.89 -999.999 -9 -4.6700000763 55.1699981689 -999.999 3 -999.999 -999.999 -999.999 1 -9 -9 8
SEY 1999 12 01 00 00 00 -999 -9 -9 -9 -9 -9 83.71 -999.999 -9 -4.6700000763 55.1699981689 -999.999 3 -999.999 -999.999 -999.999 1 -9 -9 8
SEY 2000 01 01 00 00 00 -999 -9 -9 -9 -9 -9 111.45 -999.999 -9 -4.6700000763 55.1699981689 -999.999 3 -999.999 -999.999 -999.999 1 -9 -9 8
SEY 2000 02 01 00 00 00 -999 -9 -9 -9 -9 -9 114.89 -999.999 -9 -4.6700000763 55.1699981689 -999.999 3 -999.999 -999.999 -999.999 1 -9 -9 8
SEY 2000 03 01 00 00 00 -999 -9 -9 -9 -9 -9 92.70 -999.999 -9 -4.6700000763 55.1699981689 -999.999 3 -999.999 -999.999 -999.999 1 -9 -9 8
SEY 2000 04 01 00 00 00 -999 -9 -9 -9 -9 -9 68.82 -999.999 -9 -4.6700000763 55.1699981689 -999.999 3 -999.999 -999.999 -999.999 1 -9 -9 8
SEY 2000 05 01 00 00 00 -999 -9 -9 -9 -9 -9 56.38 -999.999 -9 -4.6700000763 55.1699981689 -999.999 3 -999.999 -999.999 -999.999 1 -9 -9 8
SEY 2000 06 01 00 00 00 -999 -9 -9 -9 -9 -9 58.45 -999.999 -9 -4.6700000763 55.1699981689 -999.999 3 -999.999 -999.999 -999.999 1 -9 -9 8
SEY 2000 07 01 00 00 00 -999 -9 -9 -9 -9 -9 66.22 -999.999 -9 -4.6700000763 55.1699981689 -999.999 3 -999.999 -999.999 -999.999 1 -9 -9 8
SEY 2000 08 01 00 00 00 -999 -9 -9 -9 -9 -9 70.76 -999.999 -9 -4.6700000763 55.1699981689 -999.999 3 -999.999 -999.999 -999.999 1 -9 -9 8
SEY 2000 11 01 00 00 00 -999 -9 -9 -9 -9 -9 78.81 -999.999 -9 -4.6700000763 55.1699981689 -999.999 3 -999.999 -999.999 -999.999 1 -9 -9 8
SEY 2000 12 01 00 00 00 -999 -9 -9 -9 -9 -9 90.10 -999.999 -9 -4.6700000763 55.1699981689 -999.999 3 -999.999 -999.999 -999.999 1 -9 -9 8
SEY 2001 01 01 00 00 00 -999 -9 -9 -9 -9 -9 106.82 -999.999 -9 -4.6700000763 55.1699981689 -999.999 3 -999.999 -999.999 -999.999 1 -9 -9 8
SEY 2001 02 01 00 00 00 -999 -9 -9 -9 -9 -9 96.75 -999.999 -9 -4.6700000763 55.1699981689 -999.999 3 -999.999 -999.999 -999.999 1 -9 -9 8
SEY 2001 03 01 00 00 00 -999 -9 -9 -9 -9 -9 76.92 -999.999 -9 -4.6700000763 55.1699981689 -999.999 3 -999.999 -999.999 -999.999 1 -9 -9 8
SEY 2001 04 01 00 00 00 -999 -9 -9 -9 -9 -9 65.96 -999.999 -9 -4.6700000763 55.1699981689 -999.999 3 -999.999 -999.999 -999.999 1 -9 -9 8
SEY 2001 05 01 00 00 00 -999 -9 -9 -9 -9 -9 58.01 -999.999 -9 -4.6700000763 55.1699981689 -999.999 3 -999.999 -999.999 -999.999 1 -9 -9 8
SEY 2001 06 01 00 00 00 -999 -9 -9 -9 -9 -9 58.10 -999.999 -9 -4.6700000763 55.1699981689 -999.999 3 -999.999 -999.999 -999.999 1 -9 -9 8
SEY 2001 07 01 00 00 00 -999 -9 -9 -9 -9 -9 64.38 -999.999 -9 -4.6700000763 55.1699981689 -999.999 3 -999.999 -999.999 -999.999 1 -9 -9 8
SEY 2001 08 01 00 00 00 -999 -9 -9 -9 -9 -9 69.82 -999.999 -9 -4.6700000763 55.1699981689 -999.999 3 -999.999 -999.999 -999.999 1 -9 -9 8
SEY 2001 09 01 00 00 00 -999 -9 -9 -9 -9 -9 81.52 -999.999 -9 -4.6700000763 55.1699981689 -999.999 3 -999.999 -999.999 -999.999 1 -9 -9 8
SEY 2001 10 01 00 00 00 -999 -9 -9 -9 -9 -9 84.69 -999.999 -9 -4.6700000763 55.1699981689 -999.999 3 -999.999 -999.999 -999.999 1 -9 -9 8
SEY 2001 11 01 00 00 00 -999 -9 -9 -9 -9 -9 71.31 -999.999 -9 -4.6700000763 55.1699981689 -999.999 3 -999.999 -999.999 -999.999 1 -9 -9 8
SEY 2001 12 01 00 00 00 -999 -9 -9 -9 -9 -9 72.55 -999.999 -9 -4.6700000763 55.1699981689 -999.999 3 -999.999 -999.999 -999.999 1 -9 -9 8
SEY 2002 01 01 00 00 00 -999 -9 -9 -9 -9 -9 94.74 -999.999 -9 -4.6700000763 55.1699981689 -999.999 3 -999.999 -999.999 -999.999 1 -9 -9 8
SEY 2002 02 01 00 00 00 -999 -9 -9 -9 -9 -9 107.59 -999.999 -9 -4.6700000763 55.1699981689 -999.999 3 -999.999 -999.999 -999.999 1 -9 -9 8
SEY 2002 03 01 00 00 00 -999 -9 -9 -9 -9 -9 94.38 -999.999 -9 -4.6700000763 55.1699981689 -999.999 3 -999.999 -999.999 -999.999 1 -9 -9 8
SEY 2002 04 01 00 00 00 -999 -9 -9 -9 -9 -9 71.34 -999.999 -9 -4.6700000763 55.1699981689 -999.999 3 -999.999 -999.999 -999.999 1 -9 -9 8
SEY 2002 05 01 00 00 00 -999 -9 -9 -9 -9 -9 59.45 -999.999 -9 -4.6700000763 55.1699981689 -999.999 3 -999.999 -999.999 -999.999 1 -9 -9 8
SEY 2002 06 01 00 00 00 -999 -9 -9 -9 -9 -9 62.28 -999.999 -9 -4.6700000763 55.1699981689 -999.999 3 -999.999 -999.999 -999.999 1 -9 -9 8
SEY 2002 07 01 00 00 00 -999 -9 -9 -9 -9 -9 66.90 -999.999 -9 -4.6700000763 55.1699981689 -999.999 3 -999.999 -999.999 -999.999 1 -9 -9 8
SEY 2002 08 01 00 00 00 -999 -9 -9 -9 -9 -9 69.27 -999.999 -9 -4.6700000763 55.1699981689 -999.999 3 -999.999 -999.999 -999.999 1 -9 -9 8
SEY 2002 09 01 00 00 00 -999 -9 -9 -9 -9 -9 82.16 -999.999 -9 -4.6700000763 55.1699981689 -999.999 3 -999.999 -999.999 -999.999 1 -9 -9 8
SEY 2002 10 01 00 00 00 -999 -9 -9 -9 -9 -9 95.65 -999.999 -9 -4.6700000763 55.1699981689 -999.999 3 -999.999 -999.999 -999.999 1 -9 -9 8
SEY 2002 11 01 00 00 00 -999 -9 -9 -9 -9 -9 94.73 -999.999 -9 -4.6700000763 55.1699981689 -999.999 3 -999.999 -999.999 -999.999 1 -9 -9 8
SEY 2002 12 01 00 00 00 -999 -9 -9 -9 -9 -9 98.62 -999.999 -9 -4.6700000763 55.1699981689 -999.999 3 -999.999 -999.999 -999.999 1 -9 -9 8
SEY 2003 01 01 00 00 00 -999 -9 -9 -9 -9 -9 114.49 -999.999 -9 -4.6700000763 55.1699981689 -999.999 3 -999.999 -999.999 -999.999 1 -9 -9 8
SEY 2003 02 01 00 00 00 -999 -9 -9 -9 -9 -9 112.11 -999.999 -9 -4.6700000763 55.1699981689 -999.999 3 -999.999 -999.999 -999.999 1 -9 -9 8
SEY 2003 03 01 00 00 00 -999 -9 -9 -9 -9 -9 94.74 -999.999 -9 -4.6700000763 55.1699981689 -999.999 3 -999.999 -999.999 -999.999 1 -9 -9 8
SEY 2003 04 01 00 00 00 -999 -9 -9 -9 -9 -9 76.80 -999.999 -9 -4.6700000763 55.1699981689 -999.999 3 -999.999 -999.999 -999.999 1 -9 -9 8
SEY 2003 05 01 00 00 00 -999 -9 -9 -9 -9 -9 62.50 -999.999 -9 -4.6700000763 55.1699981689 -999.999 3 -999.999 -999.999 -999.999 1 -9 -9 8
SEY 2003 06 01 00 00 00 -999 -9 -9 -9 -9 -9 62.89 -999.999 -9 -4.6700000763 55.1699981689 -999.999 3 -999.999 -999.999 -999.999 1 -9 -9 8
SEY 2003 07 01 00 00 00 -999 -9 -9 -9 -9 -9 69.11 -999.999 -9 -4.6700000763 55.1699981689 -999.999 3 -999.999 -999.999 -999.999 1 -9 -9 8
SEY 2003 08 01 00 00 00 -999 -9 -9 -9 -9 -9 71.04 -999.999 -9 -4.6700000763 55.1699981689 -999.999 3 -999.999 -999.999 -999.999 1 -9 -9 8
SEY 2003 09 01 00 00 00 -999 -9 -9 -9 -9 -9 75.11 -999.999 -9 -4.6700000763 55.1699981689 -999.999 3 -999.999 -999.999 -999.999 1 -9 -9 8
SEY 2003 10 01 00 00 00 -999 -9 -9 -9 -9 -9 73.10 -999.999 -9 -4.6700000763 55.1699981689 -999.999 3 -999.999 -999.999 -999.999 1 -9 -9 8
SEY 2003 11 01 00 00 00 -999 -9 -9 -9 -9 -9 69.90 -999.999 -9 -4.6700000763 55.1699981689 -999.999 3 -999.999 -999.999 -999.999 1 -9 -9 8
SEY 2003 12 01 00 00 00 -999 -9 -9 -9 -9 -9 89.25 -999.999 -9 -4.6700000763 55.1699981689 -999.999 3 -999.999 -999.999 -999.999 1 -9 -9 8
SEY 2004 01 01 00 00 00 -999 -9 -9 -9 -9 -9 112.07 -999.999 -9 -4.6700000763 55.1699981689 -999.999 3 -999.999 -999.999 -999.999 1 -9 -9 8
SEY 2004 02 01 00 00 00 -999 -9 -9 -9 -9 -9 106.78 -999.999 -9 -4.6700000763 55.1699981689 -999.999 3 -999.999 -999.999 -999.999 1 -9 -9 8
SEY 2004 03 01 00 00 00 -999 -9 -9 -9 -9 -9 93.41 -999.999 -9 -4.6700000763 55.1699981689 -999.999 3 -999.999 -999.999 -999.999 1 -9 -9 8
SEY 2004 04 01 00 00 00 -999 -9 -9 -9 -9 -9 76.01 -999.999 -9 -4.6700000763 55.1699981689 -999.999 3 -999.999 -999.999 -999.999 1 -9 -9 8
SEY 2004 05 01 00 00 00 -999 -9 -9 -9 -9 -9 57.96 -999.999 -9 -4.6700000763 55.1699981689 -999.999 3 -999.999 -999.999 -999.999 1 -9 -9 8
SEY 2004 06 01 00 00 00 -999 -9 -9 -9 -9 -9 59.17 -999.999 -9 -4.6700000763 55.1699981689 -999.999 3 -999.999 -999.999 -999.999 1 -9 -9 8
SEY 2004 07 01 00 00 00 -999 -9 -9 -9 -9 -9 67.15 -999.999 -9 -4.6700000763 55.1699981689 -999.999 3 -999.999 -999.999 -999.999 1 -9 -9 8
SEY 2004 08 01 00 00 00 -999 -9 -9 -9 -9 -9 65.45 -999.999 -9 -4.6700000763 55.1699981689 -999.999 3 -999.999 -999.999 -999.999 1 -9 -9 8
SEY 2004 09 01 00 00 00 -999 -9 -9 -9 -9 -9 72.42 -999.999 -9 -4.6700000763 55.1699981689 -999.999 3 -999.999 -999.999 -999.999 1 -9 -9 8
SEY 2004 10 01 00 00 00 -999 -9 -9 -9 -9 -9 86.02 -999.999 -9 -4.6700000763 55.1699981689 -999.999 3 -999.999 -999.999 -999.999 1 -9 -9 8
SEY 2004 11 01 00 00 00 -999 -9 -9 -9 -9 -9 82.38 -999.999 -9 -4.6700000763 55.1699981689 -999.999 3 -999.999 -999.999 -999.999 1 -9 -9 8
SEY 2004 12 01 00 00 00 -999 -9 -9 -9 -9 -9 81.89 -999.999 -9 -4.6700000763 55.1699981689 -999.999 3 -999.999 -999.999 -999.999 1 -9 -9 8
SEY 2005 01 01 00 00 00 -999 -9 -9 -9 -9 -9 103.52 -999.999 -9 -4.6700000763 55.1699981689 -999.999 3 -999.999 -999.999 -999.999 1 -9 -9 8
SEY 2005 02 01 00 00 00 -999 -9 -9 -9 -9 -9 118.87 -999.999 -9 -4.6700000763 55.1699981689 -999.999 3 -999.999 -999.999 -999.999 1 -9 -9 8
SEY 2005 03 01 00 00 00 -999 -9 -9 -9 -9 -9 110.75 -999.999 -9 -4.6700000763 55.1699981689 -999.999 3 -999.999 -999.999 -999.999 1 -9 -9 8
SEY 2005 04 01 00 00 00 -999 -9 -9 -9 -9 -9 83.63 -999.999 -9 -4.6700000763 55.1699981689 -999.999 3 -999.999 -999.999 -999.999 1 -9 -9 8
SEY 2005 05 01 00 00 00 -999 -9 -9 -9 -9 -9 63.71 -999.999 -9 -4.6700000763 55.1699981689 -999.999 3 -999.999 -999.999 -999.999 1 -9 -9 8
SEY 2005 06 01 00 00 00 -999 -9 -9 -9 -9 -9 62.91 -999.999 -9 -4.6700000763 55.1699981689 -999.999 3 -999.999 -999.999 -999.999 1 -9 -9 8
SEY 2005 07 01 00 00 00 -999 -9 -9 -9 -9 -9 66.33 -999.999 -9 -4.6700000763 55.1699981689 -999.999 3 -999.999 -999.999 -999.999 1 -9 -9 8
SEY 2005 08 01 00 00 00 -999 -9 -9 -9 -9 -9 67.06 -999.999 -9 -4.6700000763 55.1699981689 -999.999 3 -999.999 -999.999 -999.999 1 -9 -9 8
SEY 2005 09 01 00 00 00 -999 -9 -9 -9 -9 -9 77.06 -999.999 -9 -4.6700000763 55.1699981689 -999.999 3 -999.999 -999.999 -999.999 1 -9 -9 8
SEY 2005 10 01 00 00 00 -999 -9 -9 -9 -9 -9 84.92 -999.999 -9 -4.6700000763 55.1699981689 -999.999 3 -999.999 -999.999 -999.999 1 -9 -9 8
SEY 2005 11 01 00 00 00 -999 -9 -9 -9 -9 -9 86.83 -999.999 -9 -4.6700000763 55.1699981689 -999.999 3 -999.999 -999.999 -999.999 1 -9 -9 8
SEY 2005 12 01 00 00 00 -999 -9 -9 -9 -9 -9 111.01 -999.999 -9 -4.6700000763 55.1699981689 -999.999 3 -999.999 -999.999 -999.999 1 -9 -9 8
SEY 2006 01 01 00 00 00 -999 -9 -9 -9 -9 -9 137.06 -999.999 -9 -4.6700000763 55.1699981689 -999.999 3 -999.999 -999.999 -999.999 1 -9 -9 8
SEY 2006 02 01 00 00 00 -999 -9 -9 -9 -9 -9 122.95 -999.999 -9 -4.6700000763 55.1699981689 -999.999 3 -999.999 -999.999 -999.999 1 -9 -9 8
SEY 2006 03 01 00 00 00 -999 -9 -9 -9 -9 -9 86.68 -999.999 -9 -4.6700000763 55.1699981689 -999.999 3 -999.999 -999.999 -999.999 1 -9 -9 8
SEY 2006 04 01 00 00 00 -999 -9 -9 -9 -9 -9 64.87 -999.999 -9 -4.6700000763 55.1699981689 -999.999 3 -999.999 -999.999 -999.999 1 -9 -9 8
SEY 2006 05 01 00 00 00 -999 -9 -9 -9 -9 -9 57.38 -999.999 -9 -4.6700000763 55.1699981689 -999.999 3 -999.999 -999.999 -999.999 1 -9 -9 8
SEY 2006 06 01 00 00 00 -999 -9 -9 -9 -9 -9 57.40 -999.999 -9 -4.6700000763 55.1699981689 -999.999 3 -999.999 -999.999 -999.999 1 -9 -9 8
SEY 2006 07 01 00 00 00 -999 -9 -9 -9 -9 -9 61.54 -999.999 -9 -4.6700000763 55.1699981689 -999.999 3 -999.999 -999.999 -999.999 1 -9 -9 8
SEY 2006 08 01 00 00 00 -999 -9 -9 -9 -9 -9 66.85 -999.999 -9 -4.6700000763 55.1699981689 -999.999 3 -999.999 -999.999 -999.999 1 -9 -9 8
SEY 2006 09 01 00 00 00 -999 -9 -9 -9 -9 -9 79.05 -999.999 -9 -4.6700000763 55.1699981689 -999.999 3 -999.999 -999.999 -999.999 1 -9 -9 8
SEY 2006 10 01 00 00 00 -999 -9 -9 -9 -9 -9 82.90 -999.999 -9 -4.6700000763 55.1699981689 -999.999 3 -999.999 -999.999 -999.999 1 -9 -9 8
SEY 2006 11 01 00 00 00 -999 -9 -9 -9 -9 -9 75.84 -999.999 -9 -4.6700000763 55.1699981689 -999.999 3 -999.999 -999.999 -999.999 1 -9 -9 8
SEY 2006 12 01 00 00 00 -999 -9 -9 -9 -9 -9 91.28 -999.999 -9 -4.6700000763 55.1699981689 -999.999 3 -999.999 -999.999 -999.999 1 -9 -9 8
SEY 2007 01 01 00 00 00 -999 -9 -9 -9 -9 -9 124.68 -999.999 -9 -4.6700000763 55.1699981689 -999.999 3 -999.999 -999.999 -999.999 1 -9 -9 8
SEY 2007 02 01 00 00 00 -999 -9 -9 -9 -9 -9 126.26 -999.999 -9 -4.6700000763 55.1699981689 -999.999 3 -999.999 -999.999 -999.999 1 -9 -9 8
SEY 2007 03 01 00 00 00 -999 -9 -9 -9 -9 -9 95.30 -999.999 -9 -4.6700000763 55.1699981689 -999.999 3 -999.999 -999.999 -999.999 1 -9 -9 8
SEY 2007 04 01 00 00 00 -999 -9 -9 -9 -9 -9 68.56 -999.999 -9 -4.6700000763 55.1699981689 -999.999 3 -999.999 -999.999 -999.999 1 -9 -9 8
SEY 2007 05 01 00 00 00 -999 -9 -9 -9 -9 -9 59.27 -999.999 -9 -4.6700000763 55.1699981689 -999.999 3 -999.999 -999.999 -999.999 1 -9 -9 8
SEY 2007 06 01 00 00 00 -999 -9 -9 -9 -9 -9 60.87 -999.999 -9 -4.6700000763 55.1699981689 -999.999 3 -999.999 -999.999 -999.999 1 -9 -9 8
SEY 2007 07 01 00 00 00 -999 -9 -9 -9 -9 -9 65.81 -999.999 -9 -4.6700000763 55.1699981689 -999.999 3 -999.999 -999.999 -999.999 1 -9 -9 8
SEY 2007 08 01 00 00 00 -999 -9 -9 -9 -9 -9 70.18 -999.999 -9 -4.6700000763 55.1699981689 -999.999 3 -999.999 -999.999 -999.999 1 -9 -9 8
SEY 2007 09 01 00 00 00 -999 -9 -9 -9 -9 -9 78.78 -999.999 -9 -4.6700000763 55.1699981689 -999.999 3 -999.999 -999.999 -999.999 1 -9 -9 8
SEY 2007 10 01 00 00 00 -999 -9 -9 -9 -9 -9 80.09 -999.999 -9 -4.6700000763 55.1699981689 -999.999 3 -999.999 -999.999 -999.999 1 -9 -9 8
SEY 2007 11 01 00 00 00 -999 -9 -9 -9 -9 -9 83.12 -999.999 -9 -4.6700000763 55.1699981689 -999.999 3 -999.999 -999.999 -999.999 1 -9 -9 8
SEY 2007 12 01 00 00 00 -999 -9 -9 -9 -9 -9 112.87 -999.999 -9 -4.6700000763 55.1699981689 -999.999 3 -999.999 -999.999 -999.999 1 -9 -9 8
SEY 2008 01 01 00 00 00 -999 -9 -9 -9 -9 -9 134.24 -999.999 -9 -4.6700000763 55.1699981689 -999.999 3 -999.999 -999.999 -999.999 1 -9 -9 8
SEY 2008 02 01 00 00 00 -999 -9 -9 -9 -9 -9 115.38 -999.999 -9 -4.6700000763 55.1699981689 -999.999 3 -999.999 -999.999 -999.999 1 -9 -9 8
SEY 2008 03 01 00 00 00 -999 -9 -9 -9 -9 -9 85.45 -999.999 -9 -4.6700000763 55.1699981689 -999.999 3 -999.999 -999.999 -999.999 1 -9 -9 8
SEY 2008 04 01 00 00 00 -999 -9 -9 -9 -9 -9 70.96 -999.999 -9 -4.6700000763 55.1699981689 -999.999 3 -999.999 -999.999 -999.999 1 -9 -9 8
SEY 2008 05 01 00 00 00 -999 -9 -9 -9 -9 -9 62.38 -999.999 -9 -4.6700000763 55.1699981689 -999.999 3 -999.999 -999.999 -999.999 1 -9 -9 8
SEY 2008 06 01 00 00 00 -999 -9 -9 -9 -9 -9 62.89 -999.999 -9 -4.6700000763 55.1699981689 -999.999 3 -999.999 -999.999 -999.999 1 -9 -9 8
SEY 2008 07 01 00 00 00 -999 -9 -9 -9 -9 -9 66.29 -999.999 -9 -4.6700000763 55.1699981689 -999.999 3 -999.999 -999.999 -999.999 1 -9 -9 8
SEY 2008 08 01 00 00 00 -999 -9 -9 -9 -9 -9 67.72 -999.999 -9 -4.6700000763 55.1699981689 -999.999 3 -999.999 -999.999 -999.999 1 -9 -9 8
SEY 2008 09 01 00 00 00 -999 -9 -9 -9 -9 -9 74.41 -999.999 -9 -4.6700000763 55.1699981689 -999.999 3 -999.999 -999.999 -999.999 1 -9 -9 8
SEY 2008 10 01 00 00 00 -999 -9 -9 -9 -9 -9 78.26 -999.999 -9 -4.6700000763 55.1699981689 -999.999 3 -999.999 -999.999 -999.999 1 -9 -9 8
SEY 2008 11 01 00 00 00 -999 -9 -9 -9 -9 -9 74.51 -999.999 -9 -4.6700000763 55.1699981689 -999.999 3 -999.999 -999.999 -999.999 1 -9 -9 8
SEY 2008 12 01 00 00 00 -999 -9 -9 -9 -9 -9 83.20 -999.999 -9 -4.6700000763 55.1699981689 -999.999 3 -999.999 -999.999 -999.999 1 -9 -9 8
SEY 2009 01 01 00 00 00 -999 -9 -9 -9 -9 -9 108.07 -999.999 -9 -4.6700000763 55.1699981689 -999.999 3 -999.999 -999.999 -999.999 1 -9 -9 8
SEY 2009 02 01 00 00 00 -999 -9 -9 -9 -9 -9 121.04 -999.999 -9 -4.6700000763 55.1699981689 -999.999 3 -999.999 -999.999 -999.999 1 -9 -9 8
SEY 2009 03 01 00 00 00 -999 -9 -9 -9 -9 -9 109.82 -999.999 -9 -4.6700000763 55.1699981689 -999.999 3 -999.999 -999.999 -999.999 1 -9 -9 8
SEY 2009 04 01 00 00 00 -999 -9 -9 -9 -9 -9 84.77 -999.999 -9 -4.6700000763 55.1699981689 -999.999 3 -999.999 -999.999 -999.999 1 -9 -9 8
SEY 2009 05 01 00 00 00 -999 -9 -9 -9 -9 -9 61.59 -999.999 -9 -4.6700000763 55.1699981689 -999.999 3 -999.999 -999.999 -999.999 1 -9 -9 8
SEY 2009 06 01 00 00 00 -999 -9 -9 -9 -9 -9 58.46 -999.999 -9 -4.6700000763 55.1699981689 -999.999 3 -999.999 -999.999 -999.999 1 -9 -9 8
SEY 2009 07 01 00 00 00 -999 -9 -9 -9 -9 -9 65.02 -999.999 -9 -4.6700000763 55.1699981689 -999.999 3 -999.999 -999.999 -999.999 1 -9 -9 8
SEY 2009 08 01 00 00 00 -999 -9 -9 -9 -9 -9 71.40 -999.999 -9 -4.6700000763 55.1699981689 -999.999 3 -999.999 -999.999 -999.999 1 -9 -9 8
SEY 2009 09 01 00 00 00 -999 -9 -9 -9 -9 -9 81.26 -999.999 -9 -4.6700000763 55.1699981689 -999.999 3 -999.999 -999.999 -999.999 1 -9 -9 8
SEY 2009 10 01 00 00 00 -999 -9 -9 -9 -9 -9 82.45 -999.999 -9 -4.6700000763 55.1699981689 -999.999 3 -999.999 -999.999 -999.999 1 -9 -9 8
SEY 2009 11 01 00 00 00 -999 -9 -9 -9 -9 -9 72.41 -999.999 -9 -4.6700000763 55.1699981689 -999.999 3 -999.999 -999.999 -999.999 1 -9 -9 8
SEY 2009 12 01 00 00 00 -999 -9 -9 -9 -9 -9 84.00 -999.999 -9 -4.6700000763 55.1699981689 -999.999 3 -999.999 -999.999 -999.999 1 -9 -9 8
SEY 2010 01 01 00 00 00 -999 -9 -9 -9 -9 -9 110.05 -999.999 -9 -4.6700000763 55.1699981689 -999.999 3 -999.999 -999.999 -999.999 1 -9 -9 8
SEY 2010 02 01 00 00 00 -999 -9 -9 -9 -9 -9 106.70 -999.999 -9 -4.6700000763 55.1699981689 -999.999 3 -999.999 -999.999 -999.999 1 -9 -9 8
SEY 2010 03 01 00 00 00 -999 -9 -9 -9 -9 -9 88.97 -999.999 -9 -4.6700000763 55.1699981689 -999.999 3 -999.999 -999.999 -999.999 1 -9 -9 8
SEY 2010 04 01 00 00 00 -999 -9 -9 -9 -9 -9 73.85 -999.999 -9 -4.6700000763 55.1699981689 -999.999 3 -999.999 -999.999 -999.999 1 -9 -9 8
SEY 2010 05 01 00 00 00 -999 -9 -9 -9 -9 -9 63.95 -999.999 -9 -4.6700000763 55.1699981689 -999.999 3 -999.999 -999.999 -999.999 1 -9 -9 8
SEY 2010 06 01 00 00 00 -999 -9 -9 -9 -9 -9 75.46 -999.999 -9 -4.6700000763 55.1699981689 -999.999 3 -999.999 -999.999 -999.999 1 -9 -9 8
SEY 2010 07 01 00 00 00 -999 -9 -9 -9 -9 -9 90.14 -999.999 -9 -4.6700000763 55.1699981689 -999.999 3 -999.999 -999.999 -999.999 1 -9 -9 8
SEY 2010 08 01 00 00 00 -999 -9 -9 -9 -9 -9 80.73 -999.999 -9 -4.6700000763 55.1699981689 -999.999 3 -999.999 -999.999 -999.999 1 -9 -9 8
SEY 2010 09 01 00 00 00 -999 -9 -9 -9 -9 -9 82.11 -999.999 -9 -4.6700000763 55.1699981689 -999.999 3 -999.999 -999.999 -999.999 1 -9 -9 8
SEY 2010 10 01 00 00 00 -999 -9 -9 -9 -9 -9 94.91 -999.999 -9 -4.6700000763 55.1699981689 -999.999 3 -999.999 -999.999 -999.999 1 -9 -9 8
SEY 2010 11 01 00 00 00 -999 -9 -9 -9 -9 -9 84.72 -999.999 -9 -4.6700000763 55.1699981689 -999.999 3 -999.999 -999.999 -999.999 1 -9 -9 8
SEY 2010 12 01 00 00 00 -999 -9 -9 -9 -9 -9 87.70 -999.999 -9 -4.6700000763 55.1699981689 -999.999 3 -999.999 -999.999 -999.999 1 -9 -9 8
SEY 2011 01 01 00 00 00 -999 -9 -9 -9 -9 -9 116.57 -999.999 -9 -4.6700000763 55.1699981689 -999.999 3 -999.999 -999.999 -999.999 1 -9 -9 8
SEY 2011 02 01 00 00 00 -999 -9 -9 -9 -9 -9 116.22 -999.999 -9 -4.6700000763 55.1699981689 -999.999 3 -999.999 -999.999 -999.999 1 -9 -9 8
SEY 2011 03 01 00 00 00 -999 -9 -9 -9 -9 -9 86.75 -999.999 -9 -4.6700000763 55.1699981689 -999.999 3 -999.999 -999.999 -999.999 1 -9 -9 8
SEY 2011 07 01 00 00 00 -999 -9 -9 -9 -9 -9 63.71 -999.999 -9 -4.6700000763 55.1699981689 -999.999 3 -999.999 -999.999 -999.999 1 -9 -9 8
SEY 2011 08 01 00 00 00 -999 -9 -9 -9 -9 -9 63.64 -999.999 -9 -4.6700000763 55.1699981689 -999.999 3 -999.999 -999.999 -999.999 1 -9 -9 8
SEY 2011 09 01 00 00 00 -999 -9 -9 -9 -9 -9 76.62 -999.999 -9 -4.6700000763 55.1699981689 -999.999 3 -999.999 -999.999 -999.999 1 -9 -9 8
SEY 2011 10 01 00 00 00 -999 -9 -9 -9 -9 -9 91.25 -999.999 -9 -4.6700000763 55.1699981689 -999.999 3 -999.999 -999.999 -999.999 1 -9 -9 8
SEY 2011 11 01 00 00 00 -999 -9 -9 -9 -9 -9 85.00 -999.999 -9 -4.6700000763 55.1699981689 -999.999 3 -999.999 -999.999 -999.999 1 -9 -9 8
SEY 2011 12 01 00 00 00 -999 -9 -9 -9 -9 -9 85.02 -999.999 -9 -4.6700000763 55.1699981689 -999.999 3 -999.999 -999.999 -999.999 1 -9 -9 8
SEY 2012 01 01 00 00 00 -999 -9 -9 -9 -9 -9 108.44 -999.999 -9 -4.6700000763 55.1699981689 -999.999 3 -999.999 -999.999 -999.999 1 -9 -9 8
SEY 2012 02 01 00 00 00 -999 -9 -9 -9 -9 -9 120.14 -999.999 -9 -4.6700000763 55.1699981689 -999.999 3 -999.999 -999.999 -999.999 1 -9 -9 8
SEY 2012 03 01 00 00 00 -999 -9 -9 -9 -9 -9 104.15 -999.999 -9 -4.6700000763 55.1699981689 -999.999 3 -999.999 -999.999 -999.999 1 -9 -9 8
SEY 2012 04 01 00 00 00 -999 -9 -9 -9 -9 -9 77.02 -999.999 -9 -4.6700000763 55.1699981689 -999.999 3 -999.999 -999.999 -999.999 1 -9 -9 8
SEY 2012 05 01 00 00 00 -999 -9 -9 -9 -9 -9 61.71 -999.999 -9 -4.6700000763 55.1699981689 -999.999 3 -999.999 -999.999 -999.999 1 -9 -9 8
SEY 2012 06 01 00 00 00 -999 -9 -9 -9 -9 -9 63.75 -999.999 -9 -4.6700000763 55.1699981689 -999.999 3 -999.999 -999.999 -999.999 1 -9 -9 8
SEY 2012 07 01 00 00 00 -999 -9 -9 -9 -9 -9 76.93 -999.999 -9 -4.6700000763 55.1699981689 -999.999 3 -999.999 -999.999 -999.999 1 -9 -9 8
SEY 2012 08 01 00 00 00 -999 -9 -9 -9 -9 -9 90.07 -999.999 -9 -4.6700000763 55.1699981689 -999.999 3 -999.999 -999.999 -999.999 1 -9 -9 8
SEY 2012 09 01 00 00 00 -999 -9 -9 -9 -9 -9 97.32 -999.999 -9 -4.6700000763 55.1699981689 -999.999 3 -999.999 -999.999 -999.999 1 -9 -9 8
SEY 2012 10 01 00 00 00 -999 -9 -9 -9 -9 -9 90.05 -999.999 -9 -4.6700000763 55.1699981689 -999.999 3 -999.999 -999.999 -999.999 1 -9 -9 8
SEY 2012 11 01 00 00 00 -999 -9 -9 -9 -9 -9 75.31 -999.999 -9 -4.6700000763 55.1699981689 -999.999 3 -999.999 -999.999 -999.999 1 -9 -9 8
SEY 2012 12 01 00 00 00 -999 -9 -9 -9 -9 -9 80.40 -999.999 -9 -4.6700000763 55.1699981689 -999.999 3 -999.999 -999.999 -999.999 1 -9 -9 8
SEY 2013 01 01 00 00 00 -999 -9 -9 -9 -9 -9 98.98 -999.999 -9 -4.6700000763 55.1699981689 -999.999 3 -999.999 -999.999 -999.999 1 -9 -9 8
SEY 2013 02 01 00 00 00 -999 -9 -9 -9 -9 -9 105.29 -999.999 -9 -4.6700000763 55.1699981689 -999.999 3 -999.999 -999.999 -999.999 1 -9 -9 8
SEY 2013 03 01 00 00 00 -999 -9 -9 -9 -9 -9 88.41 -999.999 -9 -4.6700000763 55.1699981689 -999.999 3 -999.999 -999.999 -999.999 1 -9 -9 8
SEY 2013 04 01 00 00 00 -999 -9 -9 -9 -9 -9 66.22 -999.999 -9 -4.6700000763 55.1699981689 -999.999 3 -999.999 -999.999 -999.999 1 -9 -9 8
SEY 2013 05 01 00 00 00 -999 -9 -9 -9 -9 -9 65.05 -999.999 -9 -4.6700000763 55.1699981689 -999.999 3 -999.999 -999.999 -999.999 1 -9 -9 8
SEY 2013 06 01 00 00 00 -999 -9 -9 -9 -9 -9 77.80 -999.999 -9 -4.6700000763 55.1699981689 -999.999 3 -999.999 -999.999 -999.999 1 -9 -9 8
SEY 2013 07 01 00 00 00 -999 -9 -9 -9 -9 -9 75.41 -999.999 -9 -4.6700000763 55.1699981689 -999.999 3 -999.999 -999.999 -999.999 1 -9 -9 8
SEY 2013 08 01 00 00 00 -999 -9 -9 -9 -9 -9 65.29 -999.999 -9 -4.6700000763 55.1699981689 -999.999 3 -999.999 -999.999 -999.999 1 -9 -9 8
SEY 2013 09 01 00 00 00 -999 -9 -9 -9 -9 -9 71.94 -999.999 -9 -4.6700000763 55.1699981689 -999.999 3 -999.999 -999.999 -999.999 1 -9 -9 8
SEY 2013 10 01 00 00 00 -999 -9 -9 -9 -9 -9 75.65 -999.999 -9 -4.6700000763 55.1699981689 -999.999 3 -999.999 -999.999 -999.999 1 -9 -9 8
SEY 2013 11 01 00 00 00 -999 -9 -9 -9 -9 -9 66.60 -999.999 -9 -4.6700000763 55.1699981689 -999.999 3 -999.999 -999.999 -999.999 1 -9 -9 8
SEY 2013 12 01 00 00 00 -999 -9 -9 -9 -9 -9 78.02 -999.999 -9 -4.6700000763 55.1699981689 -999.999 3 -999.999 -999.999 -999.999 1 -9 -9 8
SEY 2014 01 01 00 00 00 -999 -9 -9 -9 -9 -9 107.62 -999.999 -9 -4.6700000763 55.1699981689 -999.999 3 -999.999 -999.999 -999.999 1 -9 -9 8
SEY 2014 02 01 00 00 00 -999 -9 -9 -9 -9 -9 117.35 -999.999 -9 -4.6700000763 55.1699981689 -999.999 3 -999.999 -999.999 -999.999 1 -9 -9 8
SEY 2014 03 01 00 00 00 -999 -9 -9 -9 -9 -9 106.98 -999.999 -9 -4.6700000763 55.1699981689 -999.999 3 -999.999 -999.999 -999.999 1 -9 -9 8
SEY 2014 04 01 00 00 00 -999 -9 -9 -9 -9 -9 86.16 -999.999 -9 -4.6700000763 55.1699981689 -999.999 3 -999.999 -999.999 -999.999 1 -9 -9 8
SEY 2014 05 01 00 00 00 -999 -9 -9 -9 -9 -9 62.21 -999.999 -9 -4.6700000763 55.1699981689 -999.999 3 -999.999 -999.999 -999.999 1 -9 -9 8
SEY 2014 06 01 00 00 00 -999 -9 -9 -9 -9 -9 58.68 -999.999 -9 -4.6700000763 55.1699981689 -999.999 3 -999.999 -999.999 -999.999 1 -9 -9 8
SEY 2014 07 01 00 00 00 -999 -9 -9 -9 -9 -9 64.59 -999.999 -9 -4.6700000763 55.1699981689 -999.999 3 -999.999 -999.999 -999.999 1 -9 -9 8
SEY 2014 08 01 00 00 00 -999 -9 -9 -9 -9 -9 65.58 -999.999 -9 -4.6700000763 55.1699981689 -999.999 3 -999.999 -999.999 -999.999 1 -9 -9 8
SEY 2014 09 01 00 00 00 -999 -9 -9 -9 -9 -9 74.52 -999.999 -9 -4.6700000763 55.1699981689 -999.999 3 -999.999 -999.999 -999.999 1 -9 -9 8
SEY 2014 10 01 00 00 00 -999 -9 -9 -9 -9 -9 81.42 -999.999 -9 -4.6700000763 55.1699981689 -999.999 3 -999.999 -999.999 -999.999 1 -9 -9 8
SEY 2014 11 01 00 00 00 -999 -9 -9 -9 -9 -9 76.90 -999.999 -9 -4.6700000763 55.1699981689 -999.999 3 -999.999 -999.999 -999.999 1 -9 -9 8
SEY 2014 12 01 00 00 00 -999 -9 -9 -9 -9 -9 89.91 -999.999 -9 -4.6700000763 55.1699981689 -999.999 3 -999.999 -999.999 -999.999 1 -9 -9 8
SEY 2015 01 01 00 00 00 -999 -9 -9 -9 -9 -9 115.60 -999.999 -9 -4.6700000763 55.1699981689 -999.999 3 -999.999 -999.999 -999.999 1 -9 -9 8
SEY 2015 02 01 00 00 00 -999 -9 -9 -9 -9 -9 109.41 -999.999 -9 -4.6700000763 55.1699981689 -999.999 3 -999.999 -999.999 -999.999 1 -9 -9 8
SEY 2015 03 01 00 00 00 -999 -9 -9 -9 -9 -9 84.74 -999.999 -9 -4.6700000763 55.1699981689 -999.999 3 -999.999 -999.999 -999.999 1 -9 -9 8
SEY 2015 04 01 00 00 00 -999 -9 -9 -9 -9 -9 68.89 -999.999 -9 -4.6700000763 55.1699981689 -999.999 3 -999.999 -999.999 -999.999 1 -9 -9 8
SEY 2015 05 01 00 00 00 -999 -9 -9 -9 -9 -9 61.53 -999.999 -9 -4.6700000763 55.1699981689 -999.999 3 -999.999 -999.999 -999.999 1 -9 -9 8
SEY 2015 06 01 00 00 00 -999 -9 -9 -9 -9 -9 63.19 -999.999 -9 -4.6700000763 55.1699981689 -999.999 3 -999.999 -999.999 -999.999 1 -9 -9 8
SEY 2015 07 01 00 00 00 -999 -9 -9 -9 -9 -9 65.86 -999.999 -9 -4.6700000763 55.1699981689 -999.999 3 -999.999 -999.999 -999.999 1 -9 -9 8
SEY 2015 08 01 00 00 00 -999 -9 -9 -9 -9 -9 62.56 -999.999 -9 -4.6700000763 55.1699981689 -999.999 3 -999.999 -999.999 -999.999 1 -9 -9 8
SEY 2015 09 01 00 00 00 -999 -9 -9 -9 -9 -9 77.16 -999.999 -9 -4.6700000763 55.1699981689 -999.999 3 -999.999 -999.999 -999.999 1 -9 -9 8
SEY 2015 10 01 00 00 00 -999 -9 -9 -9 -9 -9 102.80 -999.999 -9 -4.6700000763 55.1699981689 -999.999 3 -999.999 -999.999 -999.999 1 -9 -9 8
SEY 2015 11 01 00 00 00 -999 -9 -9 -9 -9 -9 96.49 -999.999 -9 -4.6700000763 55.1699981689 -999.999 3 -999.999 -999.999 -999.999 1 -9 -9 8
SEY 2015 12 01 00 00 00 -999 -9 -9 -9 -9 -9 85.73 -999.999 -9 -4.6700000763 55.1699981689 -999.999 3 -999.999 -999.999 -999.999 1 -9 -9 8
SEY 2016 01 01 00 00 00 -999 -9 -9 -9 -9 -9 100.00 -999.999 -9 -4.6700000763 55.1699981689 -999.999 3 -999.999 -999.999 -999.999 1 -9 -9 8
SEY 2016 02 01 00 00 00 -999 -9 -9 -9 -9 -9 107.40 -999.999 -9 -4.6700000763 55.1699981689 -999.999 3 -999.999 -999.999 -999.999 1 -9 -9 8
SEY 2016 03 01 00 00 00 -999 -9 -9 -9 -9 -9 97.52 -999.999 -9 -4.6700000763 55.1699981689 -999.999 3 -999.999 -999.999 -999.999 1 -9 -9 8
SEY 2016 04 01 00 00 00 -999 -9 -9 -9 -9 -9 81.98 -999.999 -9 -4.6700000763 55.1699981689 -999.999 3 -999.999 -999.999 -999.999 1 -9 -9 8
SEY 2016 05 01 00 00 00 -999 -9 -9 -9 -9 -9 63.28 -999.999 -9 -4.6700000763 55.1699981689 -999.999 3 -999.999 -999.999 -999.999 1 -9 -9 8
SEY 2016 06 01 00 00 00 -999 -9 -9 -9 -9 -9 57.17 -999.999 -9 -4.6700000763 55.1699981689 -999.999 3 -999.999 -999.999 -999.999 1 -9 -9 8
SEY 2016 07 01 00 00 00 -999 -9 -9 -9 -9 -9 62.39 -999.999 -9 -4.6700000763 55.1699981689 -999.999 3 -999.999 -999.999 -999.999 1 -9 -9 8
SEY 2016 08 01 00 00 00 -999 -9 -9 -9 -9 -9 65.08 -999.999 -9 -4.6700000763 55.1699981689 -999.999 3 -999.999 -999.999 -999.999 1 -9 -9 8
SEY 2016 09 01 00 00 00 -999 -9 -9 -9 -9 -9 78.17 -999.999 -9 -4.6700000763 55.1699981689 -999.999 3 -999.999 -999.999 -999.999 1 -9 -9 8
SEY 2016 10 01 00 00 00 -999 -9 -9 -9 -9 -9 91.38 -999.999 -9 -4.6700000763 55.1699981689 -999.999 3 -999.999 -999.999 -999.999 1 -9 -9 8
SEY 2016 11 01 00 00 00 -999 -9 -9 -9 -9 -9 81.96 -999.999 -9 -4.6700000763 55.1699981689 -999.999 3 -999.999 -999.999 -999.999 1 -9 -9 8
SEY 2016 12 01 00 00 00 -999 -9 -9 -9 -9 -9 79.01 -999.999 -9 -4.6700000763 55.1699981689 -999.999 3 -999.999 -999.999 -999.999 1 -9 -9 8
SEY 2017 01 01 00 00 00 -999 -9 -9 -9 -9 -9 105.41 -999.999 -9 -4.6700000763 55.1699981689 -999.999 3 -999.999 -999.999 -999.999 1 -9 -9 8
SEY 2017 02 01 00 00 00 -999 -9 -9 -9 -9 -9 120.47 -999.999 -9 -4.6700000763 55.1699981689 -999.999 3 -999.999 -999.999 -999.999 1 -9 -9 8
SEY 2017 03 01 00 00 00 -999 -9 -9 -9 -9 -9 100.12 -999.999 -9 -4.6700000763 55.1699981689 -999.999 3 -999.999 -999.999 -999.999 1 -9 -9 8
SEY 2017 04 01 00 00 00 -999 -9 -9 -9 -9 -9 66.57 -999.999 -9 -4.6700000763 55.1699981689 -999.999 3 -999.999 -999.999 -999.999 1 -9 -9 8
SEY 2017 05 01 00 00 00 -999 -9 -9 -9 -9 -9 53.25 -999.999 -9 -4.6700000763 55.1699981689 -999.999 3 -999.999 -999.999 -999.999 1 -9 -9 8
SEY 2017 06 01 00 00 00 -999 -9 -9 -9 -9 -9 60.44 -999.999 -9 -4.6700000763 55.1699981689 -999.999 3 -999.999 -999.999 -999.999 1 -9 -9 8
SEY 2017 07 01 00 00 00 -999 -9 -9 -9 -9 -9 66.16 -999.999 -9 -4.6700000763 55.1699981689 -999.999 3 -999.999 -999.999 -999.999 1 -9 -9 8
SEY 2017 08 01 00 00 00 -999 -9 -9 -9 -9 -9 64.68 -999.999 -9 -4.6700000763 55.1699981689 -999.999 3 -999.999 -999.999 -999.999 1 -9 -9 8
SEY 2017 09 01 00 00 00 -999 -9 -9 -9 -9 -9 72.01 -999.999 -9 -4.6700000763 55.1699981689 -999.999 3 -999.999 -999.999 -999.999 1 -9 -9 8
SEY 2017 10 01 00 00 00 -999 -9 -9 -9 -9 -9 78.32 -999.999 -9 -4.6700000763 55.1699981689 -999.999 3 -999.999 -999.999 -999.999 1 -9 -9 8
SEY 2017 11 01 00 00 00 -999 -9 -9 -9 -9 -9 78.23 -999.999 -9 -4.6700000763 55.1699981689 -999.999 3 -999.999 -999.999 -999.999 1 -9 -9 8
SEY 2017 12 01 00 00 00 -999 -9 -9 -9 -9 -9 95.10 -999.999 -9 -4.6700000763 55.1699981689 -999.999 3 -999.999 -999.999 -999.999 1 -9 -9 8
SEY 2018 01 01 00 00 00 -999 -9 -9 -9 -9 -9 116.27 -999.999 -9 -4.6700000763 55.1699981689 -999.999 3 -999.999 -999.999 -999.999 1 -9 -9 8
SEY 2018 02 01 00 00 00 -999 -9 -9 -9 -9 -9 114.75 -999.999 -9 -4.6700000763 55.1699981689 -999.999 3 -999.999 -999.999 -999.999 1 -9 -9 8
SEY 2018 03 01 00 00 00 -999 -9 -9 -9 -9 -9 102.30 -999.999 -9 -4.6700000763 55.1699981689 -999.999 3 -999.999 -999.999 -999.999 1 -9 -9 8
SEY 2018 04 01 00 00 00 -999 -9 -9 -9 -9 -9 87.07 -999.999 -9 -4.6700000763 55.1699981689 -999.999 3 -999.999 -999.999 -999.999 1 -9 -9 8
SEY 2018 05 01 00 00 00 -999 -9 -9 -9 -9 -9 69.03 -999.999 -9 -4.6700000763 55.1699981689 -999.999 3 -999.999 -999.999 -999.999 1 -9 -9 8
SEY 2018 06 01 00 00 00 -999 -9 -9 -9 -9 -9 59.65 -999.999 -9 -4.6700000763 55.1699981689 -999.999 3 -999.999 -999.999 -999.999 1 -9 -9 8
SEY 2018 07 01 00 00 00 -999 -9 -9 -9 -9 -9 60.53 -999.999 -9 -4.6700000763 55.1699981689 -999.999 3 -999.999 -999.999 -999.999 1 -9 -9 8
SEY 2018 08 01 00 00 00 -999 -9 -9 -9 -9 -9 62.72 -999.999 -9 -4.6700000763 55.1699981689 -999.999 3 -999.999 -999.999 -999.999 1 -9 -9 8
SEY 2018 09 01 00 00 00 -999 -9 -9 -9 -9 -9 75.06 -999.999 -9 -4.6700000763 55.1699981689 -999.999 3 -999.999 -999.999 -999.999 1 -9 -9 8
SEY 2018 10 01 00 00 00 -999 -9 -9 -9 -9 -9 82.77 -999.999 -9 -4.6700000763 55.1699981689 -999.999 3 -999.999 -999.999 -999.999 1 -9 -9 8
SEY 2018 11 01 00 00 00 -999 -9 -9 -9 -9 -9 76.14 -999.999 -9 -4.6700000763 55.1699981689 -999.999 3 -999.999 -999.999 -999.999 1 -9 -9 8
SEY 2018 12 01 00 00 00 -999 -9 -9 -9 -9 -9 84.50 -999.999 -9 -4.6700000763 55.1699981689 -999.999 3 -999.999 -999.999 -999.999 1 -9 -9 8
SEY 2019 01 01 00 00 00 -999 -9 -9 -9 -9 -9 108.14 -999.999 -9 -4.6700000763 55.1699981689 -999.999 3 -999.999 -999.999 -999.999 1 -9 -9 8
SEY 2019 02 01 00 00 00 -999 -9 -9 -9 -9 -9 118.74 -999.999 -9 -4.6700000763 55.1699981689 -999.999 3 -999.999 -999.999 -999.999 1 -9 -9 8
SEY 2019 03 01 00 00 00 -999 -9 -9 -9 -9 -9 106.83 -999.999 -9 -4.6700000763 55.1699981689 -999.999 3 -999.999 -999.999 -999.999 1 -9 -9 8
SEY 2019 04 01 00 00 00 -999 -9 -9 -9 -9 -9 82.13 -999.999 -9 -4.6700000763 55.1699981689 -999.999 3 -999.999 -999.999 -999.999 1 -9 -9 8
SEY 2019 05 01 00 00 00 -999 -9 -9 -9 -9 -9 62.21 -999.999 -9 -4.6700000763 55.1699981689 -999.999 3 -999.999 -999.999 -999.999 1 -9 -9 8
SEY 2019 06 01 00 00 00 -999 -9 -9 -9 -9 -9 61.29 -999.999 -9 -4.6700000763 55.1699981689 -999.999 3 -999.999 -999.999 -999.999 1 -9 -9 8
SEY 2019 07 01 00 00 00 -999 -9 -9 -9 -9 -9 64.01 -999.999 -9 -4.6700000763 55.1699981689 -999.999 3 -999.999 -999.999 -999.999 1 -9 -9 8
SEY 2019 08 01 00 00 00 -999 -9 -9 -9 -9 -9 64.73 -999.999 -9 -4.6700000763 55.1699981689 -999.999 3 -999.999 -999.999 -999.999 1 -9 -9 8
SEY 2019 09 01 00 00 00 -999 -9 -9 -9 -9 -9 79.88 -999.999 -9 -4.6700000763 55.1699981689 -999.999 3 -999.999 -999.999 -999.999 1 -9 -9 8
SEY 2019 10 01 00 00 00 -999 -9 -9 -9 -9 -9 91.39 -999.999 -9 -4.6700000763 55.1699981689 -999.999 3 -999.999 -999.999 -999.999 1 -9 -9 8
SEY 2019 11 01 00 00 00 -999 -9 -9 -9 -9 -9 80.90 -999.999 -9 -4.6700000763 55.1699981689 -999.999 3 -999.999 -999.999 -999.999 1 -9 -9 8
SEY 2019 12 01 00 00 00 -999 -9 -9 -9 -9 -9 75.66 -999.999 -9 -4.6700000763 55.1699981689 -999.999 3 -999.999 -999.999 -999.999 1 -9 -9 8
SEY 2020 01 01 00 00 00 -999 -9 -9 -9 -9 -9 93.76 -999.999 -9 -4.6700000763 55.1699981689 -999.999 3 -999.999 -999.999 -999.999 1 -9 -9 8
SEY 2020 02 01 00 00 00 -999 -9 -9 -9 -9 -9 107.47 -999.999 -9 -4.6700000763 55.1699981689 -999.999 3 -999.999 -999.999 -999.999 1 -9 -9 8
SEY 2020 03 01 00 00 00 -999 -9 -9 -9 -9 -9 99.04 -999.999 -9 -4.6700000763 55.1699981689 -999.999 3 -999.999 -999.999 -999.999 1 -9 -9 8
SEY 2020 04 01 00 00 00 -999 -9 -9 -9 -9 -9 75.81 -999.999 -9 -4.6700000763 55.1699981689 -999.999 3 -999.999 -999.999 -999.999 1 -9 -9 8
SEY 2020 05 01 00 00 00 -999 -9 -9 -9 -9 -9 57.98 -999.999 -9 -4.6700000763 55.1699981689 -999.999 3 -999.999 -999.999 -999.999 1 -9 -9 8
SEY 2020 06 01 00 00 00 -999 -9 -9 -9 -9 -9 64.40 -999.999 -9 -4.6700000763 55.1699981689 -999.999 3 -999.999 -999.999 -999.999 1 -9 -9 8
SEY 2020 07 01 00 00 00 -999 -9 -9 -9 -9 -9 73.57 -999.999 -9 -4.6700000763 55.1699981689 -999.999 3 -999.999 -999.999 -999.999 1 -9 -9 8
SEY 2020 08 01 00 00 00 -999 -9 -9 -9 -9 -9 72.51 -999.999 -9 -4.6700000763 55.1699981689 -999.999 3 -999.999 -999.999 -999.999 1 -9 -9 8
SEY 2020 09 01 00 00 00 -999 -9 -9 -9 -9 -9 77.15 -999.999 -9 -4.6700000763 55.1699981689 -999.999 3 -999.999 -999.999 -999.999 1 -9 -9 8
SEY 2020 10 01 00 00 00 -999 -9 -9 -9 -9 -9 84.62 -999.999 -9 -4.6700000763 55.1699981689 -999.999 3 -999.999 -999.999 -999.999 1 -9 -9 8
SEY 2020 11 01 00 00 00 -999 -9 -9 -9 -9 -9 84.31 -999.999 -9 -4.6700000763 55.1699981689 -999.999 3 -999.999 -999.999 -999.999 1 -9 -9 8
SEY 2020 12 01 00 00 00 -999 -9 -9 -9 -9 -9 94.10 -999.999 -9 -4.6700000763 55.1699981689 -999.999 3 -999.999 -999.999 -999.999 1 -9 -9 8
SEY 2021 03 01 00 00 00 -999 -9 -9 -9 -9 -9 95.49 -999.999 -9 -4.6700000763 55.1699981689 -999.999 3 -999.999 -999.999 -999.999 1 -9 -9 8
SEY 2021 04 01 00 00 00 -999 -9 -9 -9 -9 -9 75.47 -999.999 -9 -4.6700000763 55.1699981689 -999.999 3 -999.999 -999.999 -999.999 1 -9 -9 8
SEY 2021 05 01 00 00 00 -999 -9 -9 -9 -9 -9 69.40 -999.999 -9 -4.6700000763 55.1699981689 -999.999 3 -999.999 -999.999 -999.999 1 -9 -9 8
SEY 2021 06 01 00 00 00 -999 -9 -9 -9 -9 -9 70.29 -999.999 -9 -4.6700000763 55.1699981689 -999.999 3 -999.999 -999.999 -999.999 1 -9 -9 8
SEY 2021 07 01 00 00 00 -999 -9 -9 -9 -9 -9 72.09 -999.999 -9 -4.6700000763 55.1699981689 -999.999 3 -999.999 -999.999 -999.999 1 -9 -9 8
SEY 2021 08 01 00 00 00 -999 -9 -9 -9 -9 -9 74.83 -999.999 -9 -4.6700000763 55.1699981689 -999.999 3 -999.999 -999.999 -999.999 1 -9 -9 8
SEY 2021 09 01 00 00 00 -999 -9 -9 -9 -9 -9 80.82 -999.999 -9 -4.6700000763 55.1699981689 -999.999 3 -999.999 -999.999 -999.999 1 -9 -9 8
SEY 2021 10 01 00 00 00 -999 -9 -9 -9 -9 -9 83.14 -999.999 -9 -4.6700000763 55.1699981689 -999.999 3 -999.999 -999.999 -999.999 1 -9 -9 8
SEY 2022 02 01 00 00 00 -999 -9 -9 -9 -9 -9 111.08 -999.999 -9 -4.6700000763 55.1699981689 -999.999 3 -999.999 -999.999 -999.999 1 -9 -9 8
SEY 2022 04 01 00 00 00 -999 -9 -9 -9 -9 -9 79.33 -999.999 -9 -4.6700000763 55.1699981689 -999.999 3 -999.999 -999.999 -999.999 1 -9 -9 8
SEY 2022 05 01 00 00 00 -999 -9 -9 -9 -9 -9 59.90 -999.999 -9 -4.6700000763 55.1699981689 -999.999 3 -999.999 -999.999 -999.999 1 -9 -9 8
SEY 2022 06 01 00 00 00 -999 -9 -9 -9 -9 -9 61.65 -999.999 -9 -4.6700000763 55.1699981689 -999.999 3 -999.999 -999.999 -999.999 1 -9 -9 8
SEY 2022 07 01 00 00 00 -999 -9 -9 -9 -9 -9 70.37 -999.999 -9 -4.6700000763 55.1699981689 -999.999 3 -999.999 -999.999 -999.999 1 -9 -9 8
SEY 2022 08 01 00 00 00 -999 -9 -9 -9 -9 -9 70.81 -999.999 -9 -4.6700000763 55.1699981689 -999.999 3 -999.999 -999.999 -999.999 1 -9 -9 8
SEY 2022 09 01 00 00 00 -999 -9 -9 -9 -9 -9 77.29 -999.999 -9 -4.6700000763 55.1699981689 -999.999 3 -999.999 -999.999 -999.999 1 -9 -9 8
SEY 2022 10 01 00 00 00 -999 -9 -9 -9 -9 -9 83.22 -999.999 -9 -4.6700000763 55.1699981689 -999.999 3 -999.999 -999.999 -999.999 1 -9 -9 8
SEY 2022 11 01 00 00 00 -999 -9 -9 -9 -9 -9 73.62 -999.999 -9 -4.6700000763 55.1699981689 -999.999 3 -999.999 -999.999 -999.999 1 -9 -9 8
SEY 2022 12 01 00 00 00 -999 -9 -9 -9 -9 -9 75.86 -999.999 -9 -4.6700000763 55.1699981689 -999.999 3 -999.999 -999.999 -999.999 1 -9 -9 8
SEY 2023 01 01 00 00 00 -999 -9 -9 -9 -9 -9 108.59 -999.999 -9 -4.6700000763 55.1699981689 -999.999 3 -999.999 -999.999 -999.999 1 -9 -9 8
SEY 2023 02 01 00 00 00 -999 -9 -9 -9 -9 -9 128.44 -999.999 -9 -4.6700000763 55.1699981689 -999.999 3 -999.999 -999.999 -999.999 1 -9 -9 8
SEY 2023 03 01 00 00 00 -999 -9 -9 -9 -9 -9 108.66 -999.999 -9 -4.6700000763 55.1699981689 -999.999 3 -999.999 -999.999 -999.999 1 -9 -9 8
SEY 2023 04 01 00 00 00 -999 -9 -9 -9 -9 -9 73.54 -999.999 -9 -4.6700000763 55.1699981689 -999.999 3 -999.999 -999.999 -999.999 1 -9 -9 8
SEY 2023 05 01 00 00 00 -999 -9 -9 -9 -9 -9 61.94 -999.999 -9 -4.6700000763 55.1699981689 -999.999 3 -999.999 -999.999 -999.999 1 -9 -9 8
SEY 2023 06 01 00 00 00 -999 -9 -9 -9 -9 -9 71.66 -999.999 -9 -4.6700000763 55.1699981689 -999.999 3 -999.999 -999.999 -999.999 1 -9 -9 8
SEY 2023 07 01 00 00 00 -999 -9 -9 -9 -9 -9 75.63 -999.999 -9 -4.6700000763 55.1699981689 -999.999 3 -999.999 -999.999 -999.999 1 -9 -9 8
SEY 2023 08 01 00 00 00 -999 -9 -9 -9 -9 -9 70.82 -999.999 -9 -4.6700000763 55.1699981689 -999.999 3 -999.999 -999.999 -999.999 1 -9 -9 8
SEY 2023 09 01 00 00 00 -999 -9 -9 -9 -9 -9 83.33 -999.999 -9 -4.6700000763 55.1699981689 -999.999 3 -999.999 -999.999 -999.999 1 -9 -9 8
SEY 2023 10 01 00 00 00 -999 -9 -9 -9 -9 -9 98.55 -999.999 -9 -4.6700000763 55.1699981689 -999.999 3 -999.999 -999.999 -999.999 1 -9 -9 8
SEY 2023 11 01 00 00 00 -999 -9 -9 -9 -9 -9 87.25 -999.999 -9 -4.6700000763 55.1699981689 -999.999 3 -999.999 -999.999 -999.999 1 -9 -9 8
